Experiment	Z spectroscopy	
Saved Date	24.08.2024 21:22:54	
User		
Date		
X (m)	355.981E-9	
Y (m)	-268.078E-9	
Z (m)	-70.1566E-9	
Z offset (m)	1E-9	
Z sweep distance (m)	1E-9	
Settling time (s)	50E-3	
Integration time (s)	700E-3	
Final Z (m)	N/A	
Start time	24.08.2024 21:17:52	
Filter type	None	
Order		
Cutoff frq		

[DATA]
Z rel (m)	Current (A)	Bias (V)	OC D1 Phase (deg)	OC D1 Amplitude (m)	OC M1 Freq. Shift (Hz)	OC M1 Excitation (V)	LI Demod 1 X (A)	LI Demod 1 Y (A)
999.99997E-12	3.0601769E-12	600.00002E-3	1.5995945E-3	103.03672E-12	-580.88565E-3	286.56443E-6	-2.3545211E-12	25.689013E-15
997.49997E-12	3.0200627E-12	600.00002E-3	-477.17331E-6	102.96682E-12	-534.07878E-3	292.00001E-6	-2.3529770E-12	13.836043E-15
994.99997E-12	2.9853559E-12	600.00002E-3	-732.67141E-6	103.01848E-12	-560.41139E-3	296.28407E-6	-2.3520723E-12	25.442124E-15
992.49997E-12	2.9613148E-12	600.00002E-3	6.3219517E-3	102.83524E-12	-526.41261E-3	302.98124E-6	-2.3573556E-12	2.6842165E-15
989.99997E-12	2.9353306E-12	600.00002E-3	702.98120E-6	102.80472E-12	-560.84102E-3	304.69144E-6	-2.3400860E-12	10.682433E-15
987.49997E-12	2.9164581E-12	600.00002E-3	149.26928E-6	103.21699E-12	-520.46102E-3	290.38804E-6	-2.3593120E-12	7.0334101E-15
984.99997E-12	2.8969637E-12	600.00002E-3	-1.9055682E-3	103.31350E-12	-555.88520E-3	269.65627E-6	-2.3444636E-12	26.102127E-15
982.49997E-12	2.8815249E-12	600.00002E-3	-4.1971859E-3	102.89797E-12	-573.68350E-3	304.72214E-6	-2.3526482E-12	33.742526E-15
979.99997E-12	2.8620407E-12	600.00002E-3	4.6931631E-3	103.07156E-12	-552.94204E-3	282.05168E-6	-2.3770205E-12	27.876652E-15
977.49997E-12	2.8487948E-12	600.00002E-3	-6.8941070E-3	103.14833E-12	-587.36116E-3	279.94253E-6	-2.3535275E-12	5.0212003E-15
974.99997E-12	2.8368946E-12	600.00002E-3	4.1323146E-3	102.94457E-12	-576.24352E-3	289.60593E-6	-2.3660796E-12	23.092368E-15
972.49997E-12	2.8246320E-12	600.00002E-3	2.5559182E-3	103.12653E-12	-560.24486E-3	288.20688E-6	-2.3650099E-12	15.075237E-15
969.99997E-12	2.8075322E-12	600.00002E-3	4.4049202E-3	102.94763E-12	-538.24592E-3	301.80719E-6	-2.3585617E-12	-761.43323E-18
967.49997E-12	2.8002058E-12	600.00002E-3	-6.1007626E-3	103.02953E-12	-575.08427E-3	281.78221E-6	-2.3531197E-12	35.883497E-15
964.99997E-12	2.7845937E-12	600.00002E-3	2.2881844E-3	103.28691E-12	-567.43985E-3	261.15371E-6	-2.3446141E-12	29.761871E-15
962.49997E-12	2.7714610E-12	600.00002E-3	1.5257696E-3	102.98997E-12	-554.36766E-3	290.19572E-6	-2.3594679E-12	4.3170419E-15
959.99997E-12	2.7696263E-12	600.00002E-3	-5.8576413E-3	102.95412E-12	-577.86459E-3	284.95159E-6	-2.3611731E-12	6.4480849E-15
957.49997E-12	2.7624773E-12	600.00002E-3	5.9890514E-3	102.69847E-12	-522.38429E-3	325.19863E-6	-2.3779503E-12	-3.5330710E-15
954.99997E-12	2.7524808E-12	600.00002E-3	-6.7321258E-3	103.10383E-12	-590.07770E-3	283.67521E-6	-2.3452731E-12	18.471656E-15
952.49997E-12	2.7453680E-12	600.00002E-3	1.6653463E-3	103.18744E-12	-554.97169E-3	274.38349E-6	-2.3565119E-12	14.621654E-15
949.99997E-12	2.7370881E-12	600.00002E-3	-3.2844241E-3	102.98139E-12	-567.37512E-3	284.66410E-6	-2.3570482E-12	12.035079E-15
947.49997E-12	2.7255928E-12	600.00002E-3	-3.5097238E-3	103.07877E-12	-585.88350E-3	285.58480E-6	-2.3538972E-12	21.998260E-15
944.99997E-12	2.7179274E-12	600.00002E-3	3.8937079E-3	102.87908E-12	-544.21157E-3	290.29141E-6	-2.3436726E-12	18.184994E-15
942.49997E-12	2.7129458E-12	600.00002E-3	-1.6968892E-3	102.80213E-12	-558.45237E-3	301.77474E-6	-2.3557720E-12	24.091050E-15
939.99997E-12	2.7089123E-12	600.00002E-3	-939.40017E-6	102.98956E-12	-537.44000E-3	300.34338E-6	-2.3680749E-12	14.415525E-15
937.49997E-12	2.7000856E-12	600.00002E-3	939.01862E-6	103.40200E-12	-580.43647E-3	249.19224E-6	-2.3565709E-12	15.116712E-15
934.99997E-12	2.6957720E-12	600.00002E-3	-5.4675033E-3	102.95462E-12	-568.32886E-3	305.26865E-6	-2.3472140E-12	21.006070E-15
932.49997E-12	2.6863639E-12	600.00002E-3	3.9366265E-3	102.75626E-12	-536.15838E-3	320.08888E-6	-2.3814514E-12	4.8634273E-15
929.99997E-12	2.6824409E-12	600.00002E-3	-1.1439844E-3	103.04031E-12	-558.08109E-3	275.79890E-6	-2.3507431E-12	6.8459147E-15
927.49997E-12	2.6757830E-12	600.00002E-3	216.59401E-6	102.94513E-12	-558.98178E-3	293.02493E-6	-2.3831616E-12	11.234927E-15
924.99997E-12	2.6730302E-12	600.00002E-3	3.7652839E-3	103.03333E-12	-569.52345E-3	279.39942E-6	-2.3457531E-12	5.1757410E-15
922.49997E-12	2.6635601E-12	600.00002E-3	-5.1956191E-3	102.86230E-12	-578.84705E-3	293.55451E-6	-2.3471511E-12	-12.931079E-15
919.99997E-12	2.6656123E-12	600.00002E-3	4.7317282E-3	103.07775E-12	-547.54364E-3	276.09267E-6	-2.3584164E-12	17.006719E-15
917.49996E-12	2.6563372E-12	600.00002E-3	1.8065647E-3	102.92046E-12	-529.42586E-3	301.43943E-6	-2.3650543E-12	37.037339E-15
914.99996E-12	2.6524403E-12	600.00002E-3	-2.3739454E-3	103.22241E-12	-574.37462E-3	267.82876E-6	-2.3565516E-12	23.520657E-15
912.49996E-12	2.6504014E-12	600.00002E-3	2.0247540E-3	102.73197E-12	-565.78630E-3	323.07496E-6	-2.3456289E-12	19.684377E-15
909.99996E-12	2.6392501E-12	600.00002E-3	2.9752513E-3	103.30096E-12	-564.10283E-3	266.84333E-6	-2.3532825E-12	-457.32680E-18
907.49996E-12	2.6309545E-12	600.00002E-3	-2.5329967E-3	103.37615E-12	-581.33268E-3	248.48158E-6	-2.3774832E-12	12.843494E-15
904.99996E-12	2.6277795E-12	600.00002E-3	5.7497337E-3	103.34961E-12	-530.68143E-3	250.83215E-6	-2.3587536E-12	2.0461197E-15
902.49996E-12	2.6298148E-12	600.00002E-3	-7.8166444E-3	103.14970E-12	-588.40406E-3	272.53799E-6	-2.3835135E-12	5.7411872E-15
899.99996E-12	2.6241758E-12	600.00002E-3	4.2086118E-3	102.99366E-12	-553.83807E-3	292.35016E-6	-2.3649188E-12	21.483969E-15
897.49996E-12	2.6208757E-12	600.00002E-3	793.62385E-6	102.95818E-12	-579.19282E-3	297.66286E-6	-2.3642705E-12	18.598806E-15
894.99996E-12	2.6160263E-12	600.00002E-3	155.16975E-6	102.95229E-12	-557.28972E-3	282.98722E-6	-2.3661435E-12	7.0677441E-15
892.49996E-12	2.6100480E-12	600.00002E-3	18.653716E-6	102.95129E-12	-572.14981E-3	305.86286E-6	-2.3471628E-12	6.4688940E-15
889.99996E-12	2.6029727E-12	600.00002E-3	1.9079957E-3	102.95258E-12	-568.25632E-3	297.41533E-6	-2.3522501E-12	38.917745E-15
887.49996E-12	2.5963817E-12	600.00002E-3	-4.1282200E-3	103.17114E-12	-578.41194E-3	267.10654E-6	-2.3749264E-12	27.683229E-15
884.99996E-12	2.5995718E-12	600.00002E-3	-4.0874318E-3	103.22077E-12	-584.22881E-3	262.09711E-6	-2.3575464E-12	-1.6074238E-15
882.49996E-12	2.5933151E-12	600.00002E-3	6.2402743E-3	103.15496E-12	-510.97584E-3	271.15521E-6	-2.3715036E-12	-11.566902E-15
879.99996E-12	2.5916049E-12	600.00002E-3	-5.5310796E-3	103.35346E-12	-581.35879E-3	257.53546E-6	-2.3749130E-12	15.052706E-15
877.49996E-12	2.5930876E-12	600.00002E-3	4.9105105E-3	103.02709E-12	-521.85738E-3	283.80667E-6	-2.3661622E-12	28.981541E-15
874.99996E-12	2.5827454E-12	600.00002E-3	2.0986036E-3	103.27163E-12	-550.67235E-3	268.13484E-6	-2.3677969E-12	-4.7765259E-15
872.49996E-12	2.5845498E-12	600.00002E-3	20.508771E-6	102.97790E-12	-541.09871E-3	303.17481E-6	-2.3532816E-12	24.268041E-15
869.99996E-12	2.5735436E-12	600.00002E-3	2.1412903E-3	102.97550E-12	-538.28901E-3	276.23700E-6	-2.3443044E-12	14.660899E-15
867.49996E-12	2.5750845E-12	600.00002E-3	1.1362468E-3	102.95350E-12	-566.68055E-3	283.02136E-6	-2.3522592E-12	24.522431E-15
864.99996E-12	2.5710439E-12	600.00002E-3	-2.1480166E-3	103.07738E-12	-552.88607E-3	280.94999E-6	-2.3572195E-12	27.661236E-15
862.49996E-12	2.5689433E-12	600.00002E-3	-1.1490030E-3	103.15403E-12	-562.06822E-3	284.93986E-6	-2.3614825E-12	19.798104E-15
859.99996E-12	2.5621465E-12	600.00002E-3	44.331511E-6	102.76362E-12	-568.83377E-3	315.35642E-6	-2.3531049E-12	19.535211E-15
857.49996E-12	2.5667888E-12	600.00002E-3	1.2064244E-3	103.09182E-12	-567.16478E-3	278.35608E-6	-2.3632626E-12	10.381370E-15
854.99996E-12	2.5629852E-12	600.00002E-3	-851.24653E-6	103.01859E-12	-563.34072E-3	278.67773E-6	-2.3497035E-12	924.29421E-18
852.49996E-12	2.5590233E-12	600.00002E-3	-673.60664E-6	103.15745E-12	-551.44054E-3	275.11883E-6	-2.3490107E-12	15.828266E-15
849.99996E-12	2.5537677E-12	600.00002E-3	-4.5417319E-3	103.24561E-12	-575.32537E-3	266.81420E-6	-2.3633586E-12	11.661429E-15
847.49996E-12	2.5538081E-12	600.00002E-3	1.3710739E-3	103.05642E-12	-563.60817E-3	275.10463E-6	-2.3616064E-12	26.821839E-15
844.99996E-12	2.5483066E-12	600.00002E-3	1.4376196E-3	103.25420E-12	-551.96655E-3	263.42072E-6	-2.3426669E-12	26.184538E-15
842.49996E-12	2.5481878E-12	600.00002E-3	4.6524992E-3	102.95399E-12	-547.94854E-3	294.14883E-6	-2.3478585E-12	22.009223E-15
839.99996E-12	2.5444050E-12	600.00002E-3	-1.8949863E-3	103.14680E-12	-572.02208E-3	281.96722E-6	-2.3507578E-12	-6.2217861E-15
837.49996E-12	2.5413129E-12	600.00002E-3	2.1443977E-3	102.86192E-12	-592.11338E-3	286.05876E-6	-2.3730015E-12	34.876036E-15
834.99996E-12	2.5400918E-12	600.00002E-3	3.8253372E-3	103.19893E-12	-542.45657E-3	275.51685E-6	-2.3573929E-12	21.652940E-15
832.49996E-12	2.5417563E-12	600.00002E-3	-92.262664E-6	103.01193E-12	-559.31699E-3	289.60875E-6	-2.3627027E-12	-6.9255421E-15
829.99996E-12	2.5307447E-12	600.00002E-3	1.7281336E-3	103.35112E-12	-552.69015E-3	266.77444E-6	-2.3667927E-12	21.893044E-15
827.49996E-12	2.5316210E-12	600.00002E-3	46.411071E-6	102.98232E-12	-552.65653E-3	297.65742E-6	-2.3713139E-12	20.260562E-15
824.99996E-12	2.5309366E-12	600.00002E-3	1.7098315E-3	103.07540E-12	-543.66821E-3	293.27377E-6	-2.3697461E-12	18.075019E-15
822.49996E-12	2.5287123E-12	600.00002E-3	-2.2360785E-3	102.84255E-12	-576.87140E-3	312.73250E-6	-2.3650472E-12	28.854763E-15
819.99996E-12	2.5230306E-12	600.00002E-3	4.5648818E-3	102.90786E-12	-546.50974E-3	292.08331E-6	-2.3762528E-12	8.8893160E-15
817.49996E-12	2.5190108E-12	600.00002E-3	-1.6249530E-3	102.91157E-12	-561.46634E-3	292.92752E-6	-2.3559958E-12	10.576834E-15
814.99996E-12	2.5132821E-12	600.00002E-3	288.73453E-6	103.03319E-12	-590.18278E-3	281.52872E-6	-2.3520337E-12	26.272480E-15
812.49996E-12	2.5171191E-12	600.00002E-3	963.85810E-6	103.04578E-12	-582.59040E-3	300.35953E-6	-2.3429325E-12	14.430944E-15
809.99996E-12	2.5151305E-12	600.00002E-3	-2.8461986E-3	103.05547E-12	-580.01065E-3	294.36674E-6	-2.3459427E-12	32.261090E-15
807.49996E-12	2.5117681E-12	600.00002E-3	5.2999943E-3	103.03523E-12	-534.67113E-3	287.01435E-6	-2.3438890E-12	22.718132E-15
804.99996E-12	2.5055845E-12	600.00002E-3	-938.39044E-6	103.27557E-12	-578.09556E-3	279.17206E-6	-2.3656650E-12	4.5378613E-15
802.49996E-12	2.5077410E-12	600.00002E-3	-2.0987140E-3	103.07499E-12	-577.94040E-3	280.78747E-6	-2.3541700E-12	18.630983E-15
799.99996E-12	2.5014411E-12	600.00002E-3	1.5313597E-3	103.06456E-12	-580.04564E-3	277.11151E-6	-2.3572446E-12	2.7371241E-15
797.49995E-12	2.4967116E-12	600.00002E-3	-175.10209E-6	102.90001E-12	-568.60590E-3	297.82360E-6	-2.3455697E-12	11.951902E-15
794.99995E-12	2.4952477E-12	600.00002E-3	-571.48287E-6	103.03465E-12	-606.72176E-3	282.29115E-6	-2.3628269E-12	18.451712E-15
792.49995E-12	2.4944575E-12	600.00002E-3	2.2175401E-3	103.21904E-12	-590.64579E-3	277.58596E-6	-2.3542667E-12	24.516229E-15
789.99995E-12	2.4961593E-12	600.00002E-3	-3.2267931E-3	103.20197E-12	-588.71198E-3	263.96086E-6	-2.3710782E-12	14.894961E-15
787.49995E-12	2.4945916E-12	600.00002E-3	-6.3146492E-3	103.10778E-12	-609.77221E-3	267.39296E-6	-2.3342903E-12	5.9997732E-15
784.99995E-12	2.4952030E-12	600.00002E-3	722.64485E-6	102.92563E-12	-589.19364E-3	305.78303E-6	-2.3663174E-12	23.195381E-15
782.49995E-12	2.4929674E-12	600.00002E-3	-657.11234E-6	103.01776E-12	-566.86890E-3	279.31816E-6	-2.3474050E-12	14.001809E-15
779.99995E-12	2.4838981E-12	600.00002E-3	4.2380923E-3	103.13650E-12	-563.70354E-3	287.16191E-6	-2.3760631E-12	15.973112E-15
777.49995E-12	2.4845221E-12	600.00002E-3	-895.42422E-6	103.15151E-12	-556.59449E-3	283.41729E-6	-2.3458464E-12	11.609244E-15
774.99995E-12	2.4853156E-12	600.00002E-3	-2.4221379E-3	103.03153E-12	-572.46655E-3	291.47789E-6	-2.3843573E-12	11.652373E-15
772.49995E-12	2.4793511E-12	600.00002E-3	1.3999839E-3	103.20613E-12	-572.61395E-3	272.04558E-6	-2.3728456E-12	4.7821629E-15
769.99995E-12	2.4724923E-12	600.00002E-3	-3.0368231E-3	103.24337E-12	-600.97575E-3	252.35151E-6	-2.3725952E-12	9.3280012E-15
767.49995E-12	2.4709657E-12	600.00002E-3	1.2102076E-3	103.22526E-12	-590.50369E-3	257.94850E-6	-2.3630069E-12	14.512851E-15
764.99995E-12	2.4763210E-12	600.00002E-3	3.0385142E-3	102.99823E-12	-579.15813E-3	296.37257E-6	-2.3472170E-12	39.819934E-15
762.49995E-12	2.4765526E-12	600.00002E-3	4.1811783E-3	102.98518E-12	-569.89956E-3	284.67807E-6	-2.3676601E-12	16.875976E-15
759.99995E-12	2.4751724E-12	600.00002E-3	-5.9972350E-3	102.96995E-12	-598.67334E-3	306.53243E-6	-2.3576514E-12	23.038827E-15
757.49995E-12	2.4672241E-12	600.00002E-3	-528.19966E-6	103.06479E-12	-598.01924E-3	297.59455E-6	-2.3446254E-12	12.412915E-15
754.99995E-12	2.4707424E-12	600.00002E-3	2.9997879E-3	102.95879E-12	-587.45456E-3	299.35921E-6	-2.3672199E-12	20.402449E-15
752.49995E-12	2.4679132E-12	600.00002E-3	-262.41061E-6	103.27633E-12	-574.43804E-3	272.99538E-6	-2.3449086E-12	2.1882959E-15
749.99995E-12	2.4639657E-12	600.00002E-3	-3.0147741E-3	102.86332E-12	-590.32965E-3	311.22318E-6	-2.3562376E-12	25.504687E-15
747.49995E-12	2.4602406E-12	600.00002E-3	473.03789E-6	103.13271E-12	-576.33024E-3	280.55324E-6	-2.3812519E-12	-22.325025E-15
744.99995E-12	2.4612484E-12	600.00002E-3	-2.6099754E-3	103.09661E-12	-598.24401E-3	267.59953E-6	-2.3699439E-12	-7.7970662E-15
742.49995E-12	2.4590141E-12	600.00002E-3	-612.60734E-6	102.80902E-12	-592.61811E-3	313.79968E-6	-2.3429216E-12	14.458288E-15
739.99995E-12	2.4570927E-12	600.00002E-3	2.8686358E-3	103.04191E-12	-584.18757E-3	298.50056E-6	-2.3651140E-12	9.3370653E-15
737.49995E-12	2.4531323E-12	600.00002E-3	-2.2071197E-3	102.94732E-12	-576.30336E-3	299.45673E-6	-2.3635649E-12	6.0169773E-15
734.99995E-12	2.4500001E-12	600.00002E-3	202.88349E-6	103.15834E-12	-599.05064E-3	271.62686E-6	-2.3582332E-12	23.632307E-15
732.49995E-12	2.4489564E-12	600.00002E-3	-2.1825042E-3	103.07010E-12	-587.18222E-3	283.03012E-6	-2.3607696E-12	21.595513E-15
729.99995E-12	2.4507724E-12	600.00002E-3	2.1142196E-3	103.21553E-12	-588.40573E-3	267.83519E-6	-2.3557456E-12	11.749520E-15
727.49995E-12	2.4462082E-12	600.00002E-3	-7.7195629E-3	102.77905E-12	-619.04633E-3	312.63675E-6	-2.3422317E-12	5.5576161E-15
724.99995E-12	2.4457185E-12	600.00002E-3	1.1936738E-3	103.06086E-12	-590.21974E-3	280.34265E-6	-2.3528161E-12	17.447076E-15
722.49995E-12	2.4495677E-12	600.00002E-3	7.1233264E-3	103.11230E-12	-551.59932E-3	287.57370E-6	-2.3503675E-12	25.298911E-15
719.99995E-12	2.4422304E-12	600.00002E-3	-4.9756709E-3	103.00310E-12	-580.21837E-3	299.05236E-6	-2.3639092E-12	1.2019102E-15
717.49995E-12	2.4403131E-12	600.00002E-3	-1.1534800E-3	102.75039E-12	-574.55945E-3	320.95218E-6	-2.3608838E-12	23.312722E-15
714.99995E-12	2.4409170E-12	600.00002E-3	440.28758E-6	103.02727E-12	-610.44753E-3	293.27400E-6	-2.3611523E-12	6.6190178E-15
712.49995E-12	2.4377295E-12	600.00002E-3	2.0299160E-3	102.92128E-12	-606.08059E-3	301.61755E-6	-2.3724475E-12	20.904809E-15
709.99995E-12	2.4367442E-12	600.00002E-3	-624.26669E-6	102.82955E-12	-593.84710E-3	298.12151E-6	-2.3706453E-12	10.767405E-15
707.49995E-12	2.4362780E-12	600.00002E-3	4.9221329E-3	102.83768E-12	-564.72433E-3	307.57100E-6	-2.3723285E-12	17.233410E-15
704.99995E-12	2.4424063E-12	600.00002E-3	1.1281656E-3	103.36773E-12	-597.69839E-3	263.66193E-6	-2.3415738E-12	5.5387861E-15
702.49995E-12	2.4376991E-12	600.00002E-3	4.4253105E-3	102.96216E-12	-593.66107E-3	289.28948E-6	-2.3618585E-12	59.881596E-18
699.99995E-12	2.4336401E-12	600.00002E-3	1.2703820E-3	103.02392E-12	-582.56370E-3	297.49461E-6	-2.3661760E-12	20.063537E-15
697.49995E-12	2.4346215E-12	600.00002E-3	-207.33738E-6	102.87163E-12	-615.28826E-3	304.11166E-6	-2.3576056E-12	14.042769E-15
694.99995E-12	2.4322152E-12	600.00002E-3	237.58553E-6	102.98618E-12	-603.01477E-3	305.70835E-6	-2.3667086E-12	11.551978E-15
692.49995E-12	2.4226673E-12	600.00002E-3	3.0196167E-3	103.19440E-12	-606.31543E-3	280.12626E-6	-2.3741553E-12	34.934824E-15
689.99995E-12	2.4327361E-12	600.00002E-3	4.5227422E-3	102.90029E-12	-578.97830E-3	306.00722E-6	-2.3509044E-12	9.0716000E-15
687.49995E-12	2.4311152E-12	600.00002E-3	-921.17669E-6	103.29165E-12	-595.87306E-3	264.35853E-6	-2.3553674E-12	19.266183E-15
684.99995E-12	2.4300536E-12	600.00002E-3	-2.0498321E-3	103.25632E-12	-626.90550E-3	267.21501E-6	-2.3576471E-12	19.492059E-15
682.49995E-12	2.4236370E-12	600.00002E-3	247.38748E-6	102.73260E-12	-600.88575E-3	318.27373E-6	-2.3406015E-12	14.422649E-15
679.99995E-12	2.4248075E-12	600.00002E-3	1.5334790E-3	103.32496E-12	-597.01854E-3	268.17116E-6	-2.3677811E-12	33.960560E-15
677.49995E-12	2.4264321E-12	600.00002E-3	932.98929E-6	103.12732E-12	-601.64809E-3	275.51048E-6	-2.3510866E-12	14.031412E-15
674.99994E-12	2.4248136E-12	600.00002E-3	4.8110308E-3	103.02734E-12	-577.48270E-3	279.80097E-6	-2.3585853E-12	31.094678E-15
672.49994E-12	2.4220671E-12	600.00002E-3	6.1943540E-3	103.15571E-12	-576.86174E-3	281.24297E-6	-2.3573238E-12	8.4436742E-15
669.99994E-12	2.4239165E-12	600.00002E-3	-4.2808219E-3	103.02430E-12	-618.73835E-3	305.98475E-6	-2.3616265E-12	16.833109E-15
667.49994E-12	2.4259180E-12	600.00002E-3	6.8741180E-3	103.05731E-12	-581.08902E-3	280.61046E-6	-2.3419498E-12	17.832763E-15
664.99994E-12	2.4188271E-12	600.00002E-3	4.8463768E-3	103.04604E-12	-586.81530E-3	298.33862E-6	-2.3525487E-12	9.9735046E-15
662.49994E-12	2.4229893E-12	600.00002E-3	327.65203E-6	103.02256E-12	-594.54441E-3	298.30815E-6	-2.3555543E-12	-12.758667E-15
659.99994E-12	2.4174998E-12	600.00002E-3	554.09229E-6	102.90453E-12	-587.69226E-3	305.99430E-6	-2.3785262E-12	5.4220866E-15
657.49994E-12	2.4140789E-12	600.00002E-3	-769.37000E-6	102.76546E-12	-588.40781E-3	326.24602E-6	-2.3777967E-12	4.8169379E-15
654.99994E-12	2.4095110E-12	600.00002E-3	-3.9644828E-3	103.35154E-12	-625.60356E-3	266.04763E-6	-2.3464605E-12	18.569647E-15
652.49994E-12	2.4111637E-12	600.00002E-3	1.9813860E-3	103.05716E-12	-594.61141E-3	279.71563E-6	-2.3470017E-12	15.761664E-15
649.99994E-12	2.4130810E-12	600.00002E-3	2.1008279E-3	102.95252E-12	-605.57544E-3	290.09237E-6	-2.3604408E-12	40.764169E-15
647.49994E-12	2.4079816E-12	600.00002E-3	-4.9209776E-3	103.12493E-12	-624.77034E-3	285.12810E-6	-2.3828892E-12	17.069747E-15
644.99994E-12	2.4112049E-12	600.00002E-3	-2.8690354E-3	102.71049E-12	-601.93974E-3	320.61158E-6	-2.3674667E-12	34.078334E-15
642.49994E-12	2.4062406E-12	600.00002E-3	6.4473446E-3	102.99551E-12	-589.81359E-3	281.94537E-6	-2.3895070E-12	18.675992E-15
639.99994E-12	2.4135188E-12	600.00002E-3	2.0974362E-3	102.69114E-12	-595.23511E-3	318.29940E-6	-2.3625186E-12	22.362947E-15
637.49994E-12	2.4091716E-12	600.00002E-3	-4.9500382E-3	102.95415E-12	-624.19432E-3	290.57052E-6	-2.3730310E-12	22.344185E-15
634.99994E-12	2.4064505E-12	600.00002E-3	-2.3087787E-3	102.94175E-12	-624.23182E-3	287.71374E-6	-2.3712456E-12	-474.52999E-18
632.49994E-12	2.4014402E-12	600.00002E-3	1.3255589E-3	103.19039E-12	-622.08730E-3	263.21714E-6	-2.3724093E-12	35.499229E-15
629.99994E-12	2.4015512E-12	600.00002E-3	-1.4507639E-3	102.90720E-12	-620.58502E-3	292.04428E-6	-2.3388342E-12	31.736078E-15
627.49994E-12	2.4065520E-12	600.00002E-3	-667.33401E-6	102.91337E-12	-606.84443E-3	287.76703E-6	-2.3645673E-12	5.0258226E-15
624.99994E-12	2.4043786E-12	600.00002E-3	-467.76779E-6	103.08086E-12	-625.10669E-3	299.61226E-6	-2.3464705E-12	12.789512E-15
622.49994E-12	2.3992100E-12	600.00002E-3	-864.82352E-6	102.69796E-12	-635.40024E-3	322.91751E-6	-2.3681168E-12	21.130587E-15
619.99994E-12	2.3973720E-12	600.00002E-3	227.24469E-6	103.06835E-12	-624.54951E-3	271.26819E-6	-2.3701418E-12	19.126648E-15
617.49994E-12	2.4035238E-12	600.00002E-3	15.510946E-6	102.99238E-12	-635.28711E-3	289.63917E-6	-2.3670712E-12	17.935384E-15
614.99994E-12	2.3910450E-12	600.00002E-3	2.5625809E-3	102.72729E-12	-599.10554E-3	320.39778E-6	-2.3590262E-12	10.813260E-15
612.49994E-12	2.3943629E-12	600.00002E-3	5.0915298E-3	102.96408E-12	-610.50814E-3	296.87889E-6	-2.3819252E-12	23.101013E-15
609.99994E-12	2.3959985E-12	600.00002E-3	-1.4079575E-3	103.38110E-12	-634.16785E-3	269.15414E-6	-2.3683601E-12	22.323599E-15
607.49994E-12	2.3957171E-12	600.00002E-3	-3.0536600E-3	102.81421E-12	-626.66190E-3	305.41851E-6	-2.3668155E-12	2.3423351E-15
604.99994E-12	2.3953812E-12	600.00002E-3	-140.58760E-6	102.92229E-12	-627.73937E-3	304.27254E-6	-2.3779004E-12	18.653173E-15
602.49994E-12	2.3967067E-12	600.00002E-3	-362.70000E-6	102.86116E-12	-617.28299E-3	314.91369E-6	-2.3678115E-12	27.761114E-15
599.99994E-12	2.3960326E-12	600.00002E-3	-2.5264358E-3	103.03246E-12	-645.96725E-3	291.29718E-6	-2.3485547E-12	33.354799E-15
597.49994E-12	2.3912552E-12	600.00002E-3	-1.9993763E-3	103.12220E-12	-618.43514E-3	275.69372E-6	-2.3539449E-12	10.518438E-15
594.99994E-12	2.3942701E-12	600.00002E-3	2.7061682E-3	102.81922E-12	-609.51775E-3	307.23473E-6	-2.3604577E-12	-8.4046929E-15
592.49994E-12	2.3936356E-12	600.00002E-3	-5.5930624E-3	103.08499E-12	-648.38040E-3	284.67632E-6	-2.3702624E-12	29.484414E-15
589.99994E-12	2.3912972E-12	600.00002E-3	294.21912E-6	102.99210E-12	-645.75619E-3	303.87362E-6	-2.3737728E-12	24.774702E-15
587.49994E-12	2.3885991E-12	600.00002E-3	-4.3492503E-3	103.12204E-12	-674.95984E-3	285.98186E-6	-2.3584979E-12	32.964889E-15
584.99994E-12	2.3860640E-12	600.00002E-3	790.29781E-6	102.86937E-12	-633.88598E-3	307.41020E-6	-2.3569950E-12	16.224127E-15
582.49994E-12	2.3860091E-12	600.00002E-3	-726.48865E-6	102.82829E-12	-660.19768E-3	311.80031E-6	-2.3539992E-12	6.7415335E-15
579.99994E-12	2.3803795E-12	600.00002E-3	6.7103263E-3	102.89162E-12	-603.11204E-3	307.97452E-6	-2.3492673E-12	14.660046E-15
577.49994E-12	2.3839240E-12	600.00002E-3	-6.4349542E-3	102.97445E-12	-669.84445E-3	297.01664E-6	-2.3626470E-12	22.786769E-15
574.99994E-12	2.3887650E-12	600.00002E-3	2.9918037E-3	103.12554E-12	-656.87573E-3	280.12172E-6	-2.3556630E-12	22.873171E-15
572.49994E-12	2.3861995E-12	600.00002E-3	-1.4242453E-3	103.16140E-12	-633.61317E-3	283.34881E-6	-2.3484194E-12	18.663761E-15
569.99994E-12	2.3842987E-12	600.00002E-3	450.26722E-6	102.97364E-12	-643.82839E-3	291.96791E-6	-2.3692816E-12	23.719984E-15
567.49994E-12	2.3782556E-12	600.00002E-3	-672.86030E-6	102.91686E-12	-645.39039E-3	310.79754E-6	-2.3476620E-12	7.5537043E-15
564.99994E-12	2.3803819E-12	600.00002E-3	4.1800532E-3	102.91602E-12	-643.53883E-3	308.77412E-6	-2.3525455E-12	15.233266E-15
562.49994E-12	2.3850468E-12	600.00002E-3	1.3938409E-3	102.78034E-12	-665.63976E-3	307.06977E-6	-2.3712035E-12	2.7491591E-15
559.99994E-12	2.3756325E-12	600.00002E-3	6.2723346E-3	103.09576E-12	-643.61233E-3	284.62155E-6	-2.3763610E-12	14.718953E-15
557.49994E-12	2.3767279E-12	600.00002E-3	-3.5277288E-3	102.94381E-12	-672.26785E-3	294.34013E-6	-2.3729352E-12	27.534419E-15
554.99993E-12	2.3758530E-12	600.00002E-3	-2.6080068E-3	102.86092E-12	-680.54503E-3	321.75405E-6	-2.3507843E-12	15.223017E-15
552.49993E-12	2.3711378E-12	600.00002E-3	3.8367317E-3	102.90373E-12	-675.79997E-3	293.19036E-6	-2.3581252E-12	-408.30943E-18
549.99993E-12	2.3746077E-12	600.00002E-3	-3.5810915E-3	103.07293E-12	-707.64363E-3	278.93958E-6	-2.3628647E-12	29.158903E-15
547.49993E-12	2.3749620E-12	600.00002E-3	-3.1526650E-3	102.87388E-12	-698.24606E-3	315.40432E-6	-2.3650936E-12	11.555408E-15
544.99993E-12	2.3736447E-12	600.00002E-3	-2.4519865E-3	103.31379E-12	-712.71807E-3	262.25756E-6	-2.3561552E-12	17.359183E-15
542.49993E-12	2.3695499E-12	600.00002E-3	3.1827977E-3	103.32203E-12	-713.93085E-3	256.87198E-6	-2.3674515E-12	1.4233140E-15
539.99993E-12	2.3706295E-12	600.00002E-3	3.3013020E-3	103.03777E-12	-687.46644E-3	295.57219E-6	-2.3729807E-12	16.022680E-15
537.49993E-12	2.3623787E-12	600.00002E-3	-3.5954772E-3	102.91453E-12	-708.89872E-3	291.08766E-6	-2.3514420E-12	17.598175E-15
534.99993E-12	2.3683922E-12	600.00002E-3	494.68956E-6	103.09480E-12	-720.07930E-3	278.82250E-6	-2.3648414E-12	12.681402E-15
532.49999E-12	2.3745719E-12	600.00002E-3	3.4385833E-3	102.76116E-12	-719.74307E-3	312.76877E-6	-2.3566353E-12	18.802502E-15
529.99999E-12	2.3690891E-12	600.00002E-3	1.5477062E-3	103.29453E-12	-718.57041E-3	269.07868E-6	-2.3714425E-12	12.165849E-15
527.49999E-12	2.3688516E-12	600.00002E-3	1.4600045E-3	102.94043E-12	-731.70799E-3	279.08504E-6	-2.3745968E-12	8.6588773E-15
524.99999E-12	2.3679158E-12	600.00002E-3	611.13760E-6	103.02834E-12	-712.22848E-3	291.58473E-6	-2.3600256E-12	25.780825E-15
522.49999E-12	2.3668177E-12	600.00002E-3	-2.2911760E-3	102.95906E-12	-739.98260E-3	289.00272E-6	-2.3788612E-12	-2.4123763E-15
519.99999E-12	2.3619006E-12	600.00002E-3	-1.0032693E-3	102.96176E-12	-751.86819E-3	294.04185E-6	-2.3630631E-12	3.5099224E-15
517.49999E-12	2.3602969E-12	600.00002E-3	-253.99850E-6	102.97008E-12	-725.55846E-3	291.32122E-6	-2.3780741E-12	16.160460E-15
514.99999E-12	2.3622467E-12	600.00002E-3	-1.3721444E-3	102.92313E-12	-762.67159E-3	302.51188E-6	-2.3736130E-12	24.762173E-15
512.49999E-12	2.3579821E-12	600.00002E-3	2.2629274E-3	102.98217E-12	-723.67817E-3	283.30303E-6	-2.3579697E-12	8.1356219E-15
509.99999E-12	2.3590661E-12	600.00002E-3	-284.67362E-6	103.12479E-12	-747.35427E-3	283.54474E-6	-2.3638201E-12	23.685667E-15
507.49999E-12	2.3599445E-12	600.00002E-3	2.9256134E-3	103.11693E-12	-744.94010E-3	274.20689E-6	-2.3499358E-12	18.191513E-15
504.99999E-12	2.3547958E-12	600.00002E-3	4.3201577E-3	103.12797E-12	-719.34712E-3	283.68924E-6	-2.3606590E-12	1.4933392E-15
502.49999E-12	2.3610562E-12	600.00002E-3	-1.3253157E-3	102.95542E-12	-769.60951E-3	286.55326E-6	-2.3592061E-12	12.360244E-15
499.99999E-12	2.3548505E-12	600.00002E-3	123.35836E-6	103.09644E-12	-761.28542E-3	278.59217E-6	-2.3497760E-12	33.123935E-15
497.49999E-12	2.3539820E-12	600.00002E-3	1.4961312E-3	103.06607E-12	-745.15492E-3	285.05924E-6	-2.3548310E-12	528.89822E-18
494.99999E-12	2.3520593E-12	600.00002E-3	-2.6025223E-3	103.10980E-12	-766.01458E-3	289.96414E-6	-2.3625537E-12	12.590177E-15
492.49999E-12	2.3543212E-12	600.00002E-3	-6.1591207E-3	103.05978E-12	-778.87112E-3	285.74860E-6	-2.3714646E-12	25.574576E-15
489.99999E-12	2.3479905E-12	600.00002E-3	-144.49976E-6	102.73907E-12	-772.97622E-3	304.38078E-6	-2.3532959E-12	36.364036E-15
487.49998E-12	2.3494637E-12	600.00002E-3	-3.5109723E-3	103.15909E-12	-783.10603E-3	281.93108E-6	-2.3777124E-12	24.571569E-15
484.99998E-12	2.3551764E-12	600.00002E-3	316.12552E-6	102.89574E-12	-753.26699E-3	281.67764E-6	-2.3575243E-12	2.7424314E-15
482.49998E-12	2.3507455E-12	600.00002E-3	-953.33467E-6	102.86021E-12	-768.54253E-3	313.43411E-6	-2.3725991E-12	8.8055877E-15
479.99998E-12	2.3528013E-12	600.00002E-3	3.2596663E-3	103.31885E-12	-773.42147E-3	261.23648E-6	-2.3550209E-12	38.526013E-15
477.49998E-12	2.3521571E-12	600.00002E-3	-2.1004879E-3	102.96244E-12	-793.27327E-3	279.79736E-6	-2.3798320E-12	11.492100E-15
474.99998E-12	2.3517941E-12	600.00002E-3	1.9876633E-3	103.05624E-12	-776.33381E-3	283.13530E-6	-2.3547804E-12	14.985009E-15
472.49998E-12	2.3485424E-12	600.00002E-3	-969.63003E-6	103.03195E-12	-778.42027E-3	295.29998E-6	-2.3636856E-12	28.947280E-15
469.99998E-12	2.3484587E-12	600.00002E-3	3.1450933E-3	103.07702E-12	-749.36861E-3	284.47149E-6	-2.3544023E-12	6.4404053E-15
467.49998E-12	2.3488039E-12	600.00002E-3	1.4688497E-3	103.22469E-12	-767.16065E-3	268.21982E-6	-2.3632270E-12	-10.453438E-15
464.99998E-12	2.3473283E-12	600.00002E-3	-214.10655E-6	103.18662E-12	-776.30526E-3	269.74588E-6	-2.3811040E-12	12.046488E-15
462.49998E-12	2.3440982E-12	600.00002E-3	694.39464E-6	102.99162E-12	-759.02218E-3	290.75379E-6	-2.3712625E-12	2.1975435E-15
459.99998E-12	2.3421922E-12	600.00002E-3	-3.6286411E-3	103.10232E-12	-790.95620E-3	279.92774E-6	-2.3738715E-12	15.146630E-15
457.49998E-12	2.3460196E-12	600.00002E-3	-2.9968014E-3	102.80330E-12	-794.84499E-3	311.93023E-6	-2.3646176E-12	320.28510E-18
454.99998E-12	2.3419519E-12	600.00002E-3	1.2387824E-3	102.96430E-12	-760.13017E-3	303.10487E-6	-2.3653646E-12	19.049796E-15
452.49998E-12	2.3448509E-12	600.00002E-3	-1.4367605E-3	102.80340E-12	-776.67844E-3	302.54130E-6	-2.3722690E-12	41.599452E-15
449.99998E-12	2.3395322E-12	600.00002E-3	564.86856E-6	102.87536E-12	-780.00289E-3	309.83979E-6	-2.3508558E-12	21.654972E-15
447.49998E-12	2.3439033E-12	600.00002E-3	-1.5473347E-3	103.10224E-12	-790.59935E-3	286.52934E-6	-2.3569009E-12	-589.39739E-18
444.99998E-12	2.3483247E-12	600.00002E-3	-2.3103075E-3	102.87707E-12	-814.11099E-3	313.65704E-6	-2.3556396E-12	11.973695E-15
442.49998E-12	2.3414378E-12	600.00002E-3	6.4316127E-3	102.92857E-12	-766.65568E-3	295.38636E-6	-2.3776888E-12	8.7919987E-15
439.99998E-12	2.3439803E-12	600.00002E-3	-2.3675973E-3	102.96583E-12	-782.87262E-3	303.25167E-6	-2.3617831E-12	10.050880E-15
437.49998E-12	2.3385211E-12	600.00002E-3	238.23389E-6	103.02850E-12	-777.31353E-3	283.75519E-6	-2.3753677E-12	14.657722E-15
434.99998E-12	2.3456625E-12	600.00002E-3	-1.7181576E-3	102.99080E-12	-775.00969E-3	289.18558E-6	-2.3801831E-12	22.504569E-15
432.49998E-12	2.3397076E-12	600.00002E-3	2.5249524E-3	103.00887E-12	-753.01671E-3	290.37902E-6	-2.3739999E-12	3.5431820E-15
429.99998E-12	2.3368724E-12	600.00002E-3	-1.3502903E-3	103.12238E-12	-766.38186E-3	279.90111E-6	-2.3745728E-12	27.901030E-15
427.49998E-12	2.3408877E-12	600.00002E-3	-3.0946138E-3	103.14771E-12	-759.94617E-3	292.25848E-6	-2.3587562E-12	14.993286E-15
424.99998E-12	2.3411854E-12	600.00002E-3	2.6555103E-3	103.17022E-12	-775.01357E-3	277.64085E-6	-2.3688907E-12	16.208950E-15
422.49998E-12	2.3429336E-12	600.00002E-3	-1.2127400E-3	102.92958E-12	-768.89545E-3	303.00207E-6	-2.3521339E-12	19.207463E-15
419.99998E-12	2.3460402E-12	600.00002E-3	-1.4849511E-3	103.39573E-12	-782.52029E-3	285.91004E-6	-2.3604283E-12	17.804531E-15
417.49998E-12	2.3439109E-12	600.00002E-3	253.55947E-6	103.34539E-12	-771.20686E-3	260.37853E-6	-2.3673405E-12	13.332155E-15
414.99998E-12	2.3430084E-12	600.00002E-3	-3.6244644E-3	102.99596E-12	-786.90052E-3	284.14614E-6	-2.3622361E-12	18.821145E-15
412.49998E-12	2.3437237E-12	600.00002E-3	-3.3537271E-3	102.88669E-12	-773.43762E-3	294.81269E-6	-2.3549261E-12	27.765972E-15
409.99998E-12	2.3443452E-12	600.00002E-3	1.6089974E-3	103.15716E-12	-756.56360E-3	278.19729E-6	-2.3498061E-12	5.0270321E-15
407.49998E-12	2.3406025E-12	600.00002E-3	473.02365E-6	103.03901E-12	-764.62394E-3	290.39173E-6	-2.3871762E-12	24.578328E-15
404.99998E-12	2.3459650E-12	600.00002E-3	3.0882661E-3	103.11565E-12	-749.44836E-3	277.21978E-6	-2.3553243E-12	17.348937E-15
402.49998E-12	2.3403345E-12	600.00002E-3	-1.3023951E-3	102.86683E-12	-780.67935E-3	294.59735E-6	-2.3693424E-12	4.4672331E-15
399.99998E-12	2.3417151E-12	600.00002E-3	1.5533769E-3	103.03536E-12	-769.86164E-3	292.61492E-6	-2.3558325E-12	7.9956742E-15
397.49998E-12	2.3419532E-12	600.00002E-3	-4.3701343E-3	103.03083E-12	-804.14408E-3	288.56899E-6	-2.3523288E-12	5.9787486E-15
394.99998E-12	2.3481167E-12	600.00002E-3	3.9074342E-3	102.95940E-12	-776.96246E-3	302.83298E-6	-2.3641534E-12	24.899325E-15
392.49998E-12	2.3440156E-12	600.00002E-3	4.4381749E-3	102.89818E-12	-749.46964E-3	288.86151E-6	-2.3665232E-12	20.585105E-15
389.99998E-12	2.3455760E-12	600.00002E-3	-287.58045E-6	102.95633E-12	-768.80348E-3	296.12990E-6	-2.3636713E-12	21.146145E-15
387.49998E-12	2.3487468E-12	600.00002E-3	5.3496342E-3	102.99125E-12	-756.75136E-3	289.06981E-6	-2.3654672E-12	27.635812E-15
384.99998E-12	2.3450968E-12	600.00002E-3	-3.1819022E-3	102.86361E-12	-761.51139E-3	305.82535E-6	-2.3735371E-12	15.179117E-15
382.49998E-12	2.3485029E-12	600.00002E-3	2.6813857E-3	102.97065E-12	-757.85309E-3	283.20870E-6	-2.3818133E-12	-4.0678346E-15
379.99998E-12	2.3499076E-12	600.00002E-3	-5.0536231E-3	103.05013E-12	-808.65848E-3	290.88013E-6	-2.3430075E-12	1.9907078E-15
377.49998E-12	2.3509111E-12	600.00002E-3	-2.0233230E-3	102.73538E-12	-779.43033E-3	321.51493E-6	-2.3740762E-12	1.7526033E-15
374.99998E-12	2.3498480E-12	600.00002E-3	-4.0874458E-3	103.05622E-12	-765.75130E-3	283.25405E-6	-2.3577835E-12	32.827351E-15
372.49998E-12	2.3529811E-12	600.00002E-3	1.2962407E-3	103.07753E-12	-737.62858E-3	286.81406E-6	-2.3589290E-12	19.029053E-15
369.99998E-12	2.3518873E-12	600.00002E-3	-411.97179E-6	102.91774E-12	-749.79919E-3	312.29548E-6	-2.3709324E-12	16.805666E-15
367.49997E-12	2.3528057E-12	600.00002E-3	4.0928372E-3	102.82711E-12	-745.75281E-3	302.53397E-6	-2.3407192E-12	-576.99186E-18
364.99997E-12	2.3530785E-12	600.00002E-3	-5.3624287E-3	102.76163E-12	-775.65873E-3	297.79499E-6	-2.3730358E-12	21.318742E-15
362.49997E-12	2.3500089E-12	600.00002E-3	1.9979395E-3	103.13067E-12	-735.10408E-3	282.25622E-6	-2.3630800E-12	5.6714315E-15
359.99997E-12	2.3480525E-12	600.00002E-3	-6.1362749E-3	103.07688E-12	-791.84175E-3	286.46982E-6	-2.3607910E-12	17.198411E-15
357.49997E-12	2.3577286E-12	600.00002E-3	-1.0994519E-3	102.87825E-12	-779.14232E-3	313.36461E-6	-2.3707286E-12	13.786620E-15
354.99997E-12	2.3560006E-12	600.00002E-3	3.0599474E-3	102.79376E-12	-751.34051E-3	309.37750E-6	-2.3756082E-12	17.388294E-15
352.49997E-12	2.3575443E-12	600.00002E-3	-265.63724E-6	102.94442E-12	-774.79166E-3	297.05130E-6	-2.3632446E-12	25.036996E-15
349.99997E-12	2.3620097E-12	600.00002E-3	1.3021337E-3	103.23668E-12	-770.03020E-3	273.34568E-6	-2.3758890E-12	-9.6951849E-15
347.49997E-12	2.3640122E-12	600.00002E-3	-3.1756274E-3	102.74208E-12	-774.24419E-3	310.81744E-6	-2.3694618E-12	38.413330E-15
344.99997E-12	2.3604120E-12	600.00002E-3	1.4231510E-3	102.98962E-12	-766.96336E-3	289.45957E-6	-2.3690780E-12	-1.0745630E-15
342.49997E-12	2.3676683E-12	600.00002E-3	-2.6827955E-3	102.74708E-12	-778.58317E-3	310.77993E-6	-2.3611644E-12	28.306930E-15
339.99997E-12	2.3683566E-12	600.00002E-3	2.3440276E-3	103.08220E-12	-758.47650E-3	290.59951E-6	-2.3525752E-12	4.0353361E-15
337.49997E-12	2.3671859E-12	600.00002E-3	-2.7560585E-3	103.13885E-12	-766.99954E-3	282.52546E-6	-2.3652066E-12	33.544534E-15
334.99997E-12	2.3686044E-12	600.00002E-3	-3.8444754E-3	103.03556E-12	-780.07293E-3	292.28150E-6	-2.3560862E-12	9.6261754E-15
332.49997E-12	2.3687770E-12	600.00002E-3	-3.0141037E-3	102.57433E-12	-792.84871E-3	342.84551E-6	-2.3617987E-12	17.945692E-15
329.99997E-12	2.3758035E-12	600.00002E-3	1.2140336E-3	103.08426E-12	-768.20862E-3	273.10842E-6	-2.3627357E-12	29.137456E-15
327.49997E-12	2.3744958E-12	600.00002E-3	-2.5392408E-3	102.96886E-12	-789.70462E-3	306.95528E-6	-2.3639541E-12	22.027116E-15
324.99997E-12	2.3816650E-12	600.00002E-3	1.3544743E-3	103.01231E-12	-805.15051E-3	289.71190E-6	-2.3649552E-12	28.043221E-15
322.49997E-12	2.3826971E-12	600.00002E-3	400.52686E-6	102.99862E-12	-776.91990E-3	299.90988E-6	-2.3645545E-12	426.99667E-18
319.99997E-12	2.3886336E-12	600.00002E-3	1.8880862E-3	102.71189E-12	-767.30645E-3	321.89884E-6	-2.3625023E-12	33.088468E-15
317.49997E-12	2.3937746E-12	600.00002E-3	-3.9068214E-3	102.99376E-12	-802.39135E-3	290.09572E-6	-2.3491942E-12	12.109868E-15
314.99997E-12	2.3992926E-12	600.00002E-3	2.8847514E-3	102.84804E-12	-782.44829E-3	307.11622E-6	-2.3479751E-12	14.168805E-15
312.49997E-12	2.4036597E-12	600.00002E-3	4.2203711E-3	103.10754E-12	-776.58546E-3	279.36714E-6	-2.3661184E-12	13.199614E-15
309.99997E-12	2.4083968E-12	600.00002E-3	5.7906061E-3	102.94098E-12	-788.27965E-3	304.88067E-6	-2.3519142E-12	5.6950540E-15
307.49997E-12	2.4078144E-12	600.00002E-3	-1.9751547E-3	102.93452E-12	-794.12985E-3	301.38472E-6	-2.3783057E-12	18.307126E-15
304.99997E-12	2.4154723E-12	600.00002E-3	3.6788578E-3	103.16958E-12	-777.69607E-3	275.55396E-6	-2.3536837E-12	25.117043E-15
302.49997E-12	2.4183856E-12	600.00002E-3	-108.29298E-6	103.12794E-12	-822.91621E-3	285.44225E-6	-2.3585207E-12	17.407056E-15
299.99997E-12	2.4269683E-12	600.00002E-3	6.6304840E-3	102.90210E-12	-789.71452E-3	294.35771E-6	-2.3462985E-12	7.4431775E-15
297.49997E-12	2.4380021E-12	600.00002E-3	1.9172436E-3	102.93836E-12	-775.97123E-3	297.88259E-6	-2.3650526E-12	25.334347E-15
294.99997E-12	2.4435384E-12	600.00002E-3	-6.6299569E-3	103.09013E-12	-805.30441E-3	285.97846E-6	-2.3550313E-12	7.2278363E-15
292.49997E-12	2.4493164E-12	600.00002E-3	586.78130E-6	103.08358E-12	-813.91495E-3	275.81776E-6	-2.3899882E-12	18.063543E-15
289.99997E-12	2.4528812E-12	600.00002E-3	815.01121E-6	103.01820E-12	-831.31832E-3	286.86563E-6	-2.3693124E-12	-7.2101037E-15
287.49997E-12	2.4654664E-12	600.00002E-3	-3.4141541E-3	103.27546E-12	-826.04706E-3	279.37625E-6	-2.3735042E-12	-2.1103676E-15
284.99997E-12	2.4666580E-12	600.00002E-3	-2.8440990E-3	102.95825E-12	-835.10697E-3	298.57809E-6	-2.3653560E-12	23.453168E-15
282.49997E-12	2.4753994E-12	600.00002E-3	3.3572670E-3	103.24563E-12	-817.64793E-3	276.28813E-6	-2.3571017E-12	-6.3894761E-15
279.99997E-12	2.4932007E-12	600.00002E-3	1.6808789E-3	102.93936E-12	-787.26017E-3	302.56540E-6	-2.3469922E-12	19.787054E-15
277.49997E-12	2.5009608E-12	600.00002E-3	1.1480912E-3	103.06488E-12	-813.64399E-3	296.10662E-6	-2.3841959E-12	19.750564E-15
274.99997E-12	2.5069577E-12	600.00002E-3	-4.8612738E-3	102.75690E-12	-839.72913E-3	316.40276E-6	-2.3501110E-12	22.186942E-15
272.49997E-12	2.5203895E-12	600.00002E-3	-676.28524E-6	102.99678E-12	-823.47357E-3	297.89994E-6	-2.3602017E-12	27.915433E-15
269.99997E-12	2.5301657E-12	600.00002E-3	1.4000988E-3	102.90875E-12	-860.45748E-3	290.11213E-6	-2.3669092E-12	26.148522E-15
267.49997E-12	2.5412125E-12	600.00002E-3	1.4279281E-3	102.86698E-12	-828.69172E-3	309.77509E-6	-2.3958405E-12	4.4316044E-15
264.99997E-12	2.5519875E-12	600.00002E-3	-4.6262546E-3	102.92694E-12	-828.72003E-3	316.53332E-6	-2.3722283E-12	-215.96286E-18
262.49997E-12	2.5658731E-12	600.00002E-3	-1.9489179E-3	102.93238E-12	-834.58221E-3	310.98365E-6	-2.3695245E-12	22.331971E-15
259.99997E-12	2.5830891E-12	600.00002E-3	-5.4354109E-3	103.39279E-12	-872.38604E-3	265.07839E-6	-2.3580918E-12	16.722069E-15
257.49997E-12	2.5875693E-12	600.00002E-3	3.4696353E-3	102.59979E-12	-833.57251E-3	336.60472E-6	-2.3706551E-12	20.110239E-15
254.99997E-12	2.6090009E-12	600.00002E-3	-4.9082711E-3	103.09591E-12	-878.78305E-3	290.76479E-6	-2.3574296E-12	22.618082E-15
252.49997E-12	2.6241108E-12	600.00002E-3	3.6905138E-3	102.98951E-12	-834.94848E-3	297.56292E-6	-2.3684902E-12	15.383304E-15
249.99997E-12	2.6435963E-12	600.00002E-3	609.01121E-6	102.69181E-12	-834.88065E-3	320.44199E-6	-2.3701356E-12	12.588146E-15
247.49996E-12	2.6671868E-12	600.00002E-3	5.5110636E-3	103.14621E-12	-841.72338E-3	274.45122E-6	-2.3660442E-12	17.603383E-15
244.99996E-12	2.6828689E-12	600.00002E-3	2.1676710E-3	103.06706E-12	-839.80292E-3	296.47793E-6	-2.3685880E-12	17.640659E-15
242.49996E-12	2.7031825E-12	600.00002E-3	-1.2726662E-3	103.12554E-12	-873.69961E-3	281.21113E-6	-2.3577663E-12	2.9181105E-15
239.99996E-12	2.7294744E-12	600.00002E-3	1.6748841E-3	102.95712E-12	-881.63316E-3	281.22120E-6	-2.3656283E-12	27.548840E-15
237.49996E-12	2.7486418E-12	600.00002E-3	632.72531E-6	102.92241E-12	-864.03984E-3	296.40039E-6	-2.3573871E-12	-1.6196040E-15
234.99996E-12	2.7716959E-12	600.00002E-3	3.7951563E-3	102.96650E-12	-860.52555E-3	288.76649E-6	-2.3670543E-12	17.022521E-15
232.49996E-12	2.7947284E-12	600.00002E-3	-6.2088980E-3	103.25568E-12	-893.30518E-3	280.97286E-6	-2.3594681E-12	32.631616E-15
229.99996E-12	2.8253649E-12	600.00002E-3	143.29329E-6	102.99980E-12	-857.48178E-3	299.93837E-6	-2.3699441E-12	17.523331E-15
227.49996E-12	2.8501394E-12	600.00002E-3	3.1062425E-3	102.91085E-12	-860.44520E-3	304.08878E-6	-2.3409937E-12	19.485954E-15
224.99996E-12	2.8775216E-12	600.00002E-3	1.3695337E-3	102.98583E-12	-879.90361E-3	309.38437E-6	-2.3700276E-12	13.653514E-15
222.49996E-12	2.9139165E-12	600.00002E-3	-1.7492868E-3	103.06346E-12	-887.28142E-3	291.09346E-6	-2.3343499E-12	8.9380501E-15
219.99996E-12	2.9454405E-12	600.00002E-3	-2.0632194E-3	103.30273E-12	-866.99647E-3	255.73399E-6	-2.3570373E-12	15.098549E-15
217.49996E-12	2.9809716E-12	600.00002E-3	-57.930818E-6	103.35476E-12	-878.31390E-3	257.61386E-6	-2.3642813E-12	33.370950E-15
214.99996E-12	3.0210359E-12	600.00002E-3	366.93743E-6	103.11411E-12	-905.16239E-3	285.72537E-6	-2.3526606E-12	31.068992E-15
212.49996E-12	3.0580800E-12	600.00002E-3	1.5594461E-3	102.86788E-12	-898.06008E-3	301.15913E-6	-2.3687157E-12	21.719090E-15
209.99996E-12	3.0971671E-12	600.00002E-3	1.9556496E-3	103.01449E-12	-867.23906E-3	296.42275E-6	-2.3525873E-12	18.939028E-15
207.49996E-12	3.1403031E-12	600.00002E-3	-2.7260766E-3	102.80348E-12	-894.38719E-3	306.06374E-6	-2.3610794E-12	19.344452E-15
204.99996E-12	3.1895357E-12	600.00002E-3	2.7115289E-3	103.01577E-12	-885.79762E-3	301.18681E-6	-2.3601232E-12	29.831819E-15
202.49996E-12	3.2427292E-12	600.00002E-3	-1.5340935E-3	102.99858E-12	-894.14233E-3	276.72708E-6	-2.3563499E-12	22.784697E-15
199.99996E-12	3.2876989E-12	600.00002E-3	-9.6065523E-3	102.94261E-12	-932.20633E-3	304.07624E-6	-2.3405590E-12	11.793719E-15
197.49996E-12	3.3399633E-12	600.00002E-3	2.2050794E-3	103.12443E-12	-898.62061E-3	284.42743E-6	-2.3712393E-12	21.312970E-15
194.99996E-12	3.3896703E-12	600.00002E-3	-2.2680792E-3	102.71646E-12	-921.46581E-3	322.36142E-6	-2.3648542E-12	-1.0017852E-15
192.49996E-12	3.4563294E-12	600.00002E-3	-2.9135980E-3	103.05314E-12	-921.05663E-3	295.44209E-6	-2.3503517E-12	-1.7115043E-15
189.99996E-12	3.5232238E-12	600.00002E-3	4.9866829E-3	103.15997E-12	-912.18048E-3	288.41521E-6	-2.3688807E-12	2.4782831E-15
187.49996E-12	3.5816805E-12	600.00002E-3	2.4959915E-3	102.86284E-12	-927.65892E-3	303.15260E-6	-2.3941361E-12	26.779948E-15
184.99996E-12	3.6503127E-12	600.00002E-3	-1.4020227E-3	102.96693E-12	-950.32412E-3	292.15618E-6	-2.3590075E-12	10.463803E-15
182.49996E-12	3.7269732E-12	600.00002E-3	1.3825562E-3	103.30498E-12	-931.18644E-3	271.48952E-6	-2.3594752E-12	-7.5442277E-15
179.99996E-12	3.7983249E-12	600.00002E-3	-1.1365399E-3	102.62963E-12	-924.52377E-3	321.39980E-6	-2.3590977E-12	29.277884E-15
177.49996E-12	3.8862776E-12	600.00002E-3	-3.8728141E-3	102.95744E-12	-959.23430E-3	293.04030E-6	-2.3602181E-12	7.7782951E-15
174.99996E-12	3.9670563E-12	600.00002E-3	143.96403E-6	102.84879E-12	-927.96755E-3	296.64004E-6	-2.3639560E-12	35.393716E-15
172.49996E-12	4.0687354E-12	600.00002E-3	-4.3305960E-3	103.14040E-12	-958.66942E-3	286.69124E-6	-2.3757235E-12	8.7746913E-15
169.99996E-12	4.1576300E-12	600.00002E-3	1.1721647E-3	103.06401E-12	-956.36117E-3	291.48147E-6	-2.3580903E-12	13.835441E-15
167.49996E-12	4.2577534E-12	600.00002E-3	3.4679109E-3	102.88679E-12	-943.98880E-3	314.31727E-6	-2.3648865E-12	4.6056709E-15
164.99996E-12	4.3592903E-12	600.00002E-3	-1.7156653E-3	103.08564E-12	-931.08594E-3	295.73389E-6	-2.3626723E-12	-3.8165479E-15
162.49996E-12	4.4790998E-12	600.00002E-3	-304.33040E-6	103.09055E-12	-964.89763E-3	274.95716E-6	-2.3471741E-12	17.813767E-15
159.99996E-12	4.5903537E-12	600.00002E-3	1.2784629E-3	102.97450E-12	-953.03404E-3	303.85266E-6	-2.3827437E-12	10.311780E-15
157.49996E-12	4.7116295E-12	600.00002E-3	1.5690619E-3	102.97880E-12	-953.45747E-3	284.53901E-6	-2.3510675E-12	15.110690E-15
154.99996E-12	4.8520480E-12	600.00002E-3	2.7234592E-3	102.82194E-12	-941.46919E-3	300.75180E-6	-2.3582011E-12	21.689276E-15
152.49996E-12	4.9788828E-12	600.00002E-3	-4.1015791E-3	102.99125E-12	-994.76564E-3	278.28987E-6	-2.3594713E-12	26.670462E-15
149.99996E-12	5.1283279E-12	600.00002E-3	-5.4847109E-3	102.94433E-12	-994.27414E-3	299.72580E-6	-2.3687478E-12	37.443701E-15
147.49996E-12	5.2645839E-12	600.00002E-3	-2.0006597E-3	102.81284E-12	-1.0158105E+0	301.30669E-6	-2.3725555E-12	18.849864E-15
144.99996E-12	5.4260290E-12	600.00002E-3	-251.80686E-6	102.79934E-12	-981.75567E-3	309.91615E-6	-2.3547512E-12	5.8039557E-15
142.49996E-12	5.6131710E-12	600.00002E-3	-5.8647995E-3	103.07040E-12	-1.0266421E+0	299.91189E-6	-2.3761581E-12	40.995958E-15
139.99996E-12	5.7796320E-12	600.00002E-3	2.7720241E-3	103.06811E-12	-1.0074632E+0	279.05632E-6	-2.3665195E-12	31.177843E-15
137.49996E-12	5.9760673E-12	600.00002E-3	-2.9861866E-3	103.06334E-12	-994.51679E-3	275.99500E-6	-2.3511525E-12	28.969313E-15
134.99996E-12	6.1724241E-12	600.00002E-3	-2.6856111E-3	103.00269E-12	-1.0294588E+0	293.25456E-6	-2.3797975E-12	21.387231E-15
132.49996E-12	6.3811660E-12	600.00002E-3	-1.9185874E-3	103.03565E-12	-1.0430093E+0	291.85173E-6	-2.3551740E-12	3.3010187E-15
129.99996E-12	6.5938522E-12	600.00002E-3	-1.8044347E-3	103.12669E-12	-1.0341069E+0	284.88340E-6	-2.3486909E-12	25.849479E-15
127.49996E-12	6.8323524E-12	600.00002E-3	-6.6602645E-3	103.00382E-12	-1.0669118E+0	289.97014E-6	-2.3567339E-12	24.702943E-15
124.99995E-12	7.0526861E-12	600.00002E-3	830.33968E-6	102.79925E-12	-1.0309789E+0	308.98454E-6	-2.3754341E-12	34.759447E-15
122.49995E-12	7.3255638E-12	600.00002E-3	1.6771291E-3	103.10632E-12	-1.0252142E+0	279.15605E-6	-2.3680175E-12	27.438111E-15
119.99995E-12	7.5810911E-12	600.00002E-3	-1.1205331E-3	102.94220E-12	-1.0401894E+0	294.86211E-6	-2.3497987E-12	2.8856492E-15
117.49995E-12	7.8712687E-12	600.00002E-3	4.4018477E-3	102.98140E-12	-1.0129329E+0	294.23949E-6	-2.3686636E-12	38.223941E-15
114.99995E-12	8.1851678E-12	600.00002E-3	7.2216467E-6	103.03614E-12	-1.0481998E+0	288.20770E-6	-2.3609602E-12	42.021115E-15
112.49995E-12	8.4843261E-12	600.00002E-3	323.23645E-6	103.11955E-12	-1.0396134E+0	274.61041E-6	-2.3540709E-12	27.976490E-15
109.99995E-12	8.8266981E-12	600.00002E-3	-784.68432E-6	103.24579E-12	-1.0320209E+0	261.86241E-6	-2.3479190E-12	49.091431E-15
107.49995E-12	9.1495917E-12	600.00002E-3	-1.3140250E-3	103.03312E-12	-1.0658817E+0	272.33220E-6	-2.3665985E-12	45.335355E-15
104.99995E-12	9.5230759E-12	600.00002E-3	-927.00310E-6	103.14555E-12	-1.0720454E+0	273.42778E-6	-2.3467523E-12	32.263990E-15
102.49995E-12	9.8712184E-12	600.00002E-3	-3.7024873E-3	102.71368E-12	-1.0865818E+0	298.76921E-6	-2.3487451E-12	27.481411E-15
99.999953E-12	10.303747E-12	600.00002E-3	1.0310501E-3	103.05233E-12	-1.0945996E+0	292.77225E-6	-2.3667919E-12	25.734170E-15
97.499953E-12	10.717163E-12	600.00002E-3	3.8646413E-3	103.01826E-12	-1.0313692E+0	295.09206E-6	-2.3653523E-12	24.206884E-15
94.999952E-12	11.186604E-12	600.00002E-3	5.5147470E-3	102.94158E-12	-1.0402362E+0	287.84145E-6	-2.3560164E-12	28.515266E-15
92.499952E-12	11.604846E-12	600.00002E-3	-808.54696E-6	102.85461E-12	-1.0727181E+0	309.76749E-6	-2.3798962E-12	42.174106E-15
89.999952E-12	12.122090E-12	600.00002E-3	2.7845744E-3	102.92517E-12	-1.0795044E+0	300.11835E-6	-2.3507539E-12	26.426112E-15
87.499952E-12	12.710193E-12	600.00002E-3	-761.30981E-6	103.30136E-12	-1.0866842E+0	260.72786E-6	-2.3484038E-12	18.551355E-15
84.999952E-12	13.194267E-12	600.00002E-3	-1.3325585E-3	102.85385E-12	-1.1225158E+0	306.66779E-6	-2.3713232E-12	29.180983E-15
82.499951E-12	13.817033E-12	600.00002E-3	-217.63814E-6	103.07169E-12	-1.1205412E+0	284.48884E-6	-2.3681185E-12	29.862319E-15
79.999951E-12	14.383310E-12	600.00002E-3	2.0378544E-3	103.00077E-12	-1.1039749E+0	280.30400E-6	-2.3671184E-12	44.427268E-15
77.499951E-12	15.002166E-12	600.00002E-3	627.26071E-6	102.81601E-12	-1.1159536E+0	311.85424E-6	-2.3575053E-12	46.009942E-15
74.999951E-12	15.677159E-12	600.00002E-3	954.46029E-6	102.90421E-12	-1.0893525E+0	309.34668E-6	-2.3592562E-12	40.989446E-15
72.499950E-12	16.465744E-12	600.00002E-3	-908.25016E-6	103.20307E-12	-1.1037149E+0	284.63887E-6	-2.3507984E-12	38.810514E-15
69.999950E-12	17.190275E-12	600.00002E-3	-6.7563443E-3	103.19109E-12	-1.1512743E+0	289.14091E-6	-2.3584633E-12	60.936709E-15
67.500006E-12	17.913858E-12	600.00002E-3	-3.1712225E-3	103.07830E-12	-1.1642921E+0	284.32481E-6	-2.3555726E-12	61.585306E-15
65.000005E-12	18.803748E-12	600.00002E-3	1.2456065E-3	103.35571E-12	-1.1402624E+0	266.43119E-6	-2.3515285E-12	45.935342E-15
62.500005E-12	19.651371E-12	600.00002E-3	1.0771395E-3	103.11791E-12	-1.1460888E+0	283.37771E-6	-2.3602886E-12	50.860761E-15
60.000005E-12	20.538449E-12	600.00002E-3	3.7599173E-3	102.98572E-12	-1.1419381E+0	300.17213E-6	-2.3751092E-12	26.418336E-15
57.500005E-12	21.513135E-12	600.00002E-3	2.6836516E-3	103.16048E-12	-1.1298686E+0	287.81171E-6	-2.3399724E-12	60.789020E-15
55.000005E-12	22.688148E-12	600.00002E-3	-1.7953858E-3	103.27691E-12	-1.1761198E+0	267.53559E-6	-2.3666314E-12	62.162698E-15
52.500004E-12	23.614534E-12	600.00002E-3	-1.2221028E-3	103.14787E-12	-1.1664453E+0	275.69718E-6	-2.3721552E-12	65.643217E-15
50.000004E-12	42.668633E-12	600.00002E-3	-255.13594E-6	102.87562E-12	-1.1970943E+0	300.96804E-6	-2.3906528E-12	137.83248E-15
47.500004E-12	25.788330E-12	600.00002E-3	4.8878663E-3	102.77724E-12	-1.1613597E+0	316.07167E-6	-2.3647354E-12	62.841510E-15
45.000004E-12	27.068152E-12	600.00002E-3	-1.4220864E-3	102.85069E-12	-1.1944699E+0	308.68722E-6	-2.3719342E-12	72.070523E-15
42.500004E-12	28.450488E-12	600.00002E-3	-2.3782107E-3	103.07772E-12	-1.1881900E+0	282.01504E-6	-2.3654581E-12	49.552071E-15
40.000003E-12	29.718474E-12	600.00002E-3	462.44846E-6	103.03370E-12	-1.1907499E+0	304.07668E-6	-2.3534013E-12	83.620224E-15
37.500003E-12	31.204928E-12	600.00002E-3	-4.6426416E-3	102.96958E-12	-1.2160604E+0	297.74601E-6	-2.3836790E-12	71.077489E-15
35.000003E-12	32.863736E-12	600.00002E-3	-2.9594316E-3	103.11151E-12	-1.2148597E+0	282.55329E-6	-2.3530446E-12	80.030485E-15
32.500003E-12	34.322069E-12	600.00002E-3	-4.6721604E-3	102.98699E-12	-1.2445166E+0	292.17001E-6	-2.3758944E-12	87.130200E-15
30.000002E-12	36.090086E-12	600.00002E-3	1.3972967E-3	103.02870E-12	-1.2301332E+0	289.20764E-6	-2.3529408E-12	78.285726E-15
27.500002E-12	37.980535E-12	600.00002E-3	-1.4219420E-3	103.26408E-12	-1.2486562E+0	274.18503E-6	-2.3631748E-12	78.144915E-15
25.000002E-12	39.742109E-12	600.00002E-3	2.9236141E-3	103.06510E-12	-1.2422704E+0	279.42951E-6	-2.3815244E-12	90.303646E-15
22.500002E-12	51.866626E-12	600.00002E-3	1.4208006E-3	102.78066E-12	-1.2247097E+0	315.52895E-6	-2.3489734E-12	167.22637E-15
20.000002E-12	43.601185E-12	600.00002E-3	-1.0336678E-3	103.15587E-12	-1.2610013E+0	308.38273E-6	-2.3486961E-12	103.43774E-15
17.500001E-12	45.817631E-12	600.00002E-3	-4.8911059E-3	103.13591E-12	-1.2977180E+0	270.74176E-6	-2.3380837E-12	111.75321E-15
15.000001E-12	49.145795E-12	600.00002E-3	1.8906440E-3	103.21814E-12	-1.2800500E+0	273.38008E-6	-2.3345664E-12	96.149610E-15
12.500001E-12	63.587580E-12	600.00002E-3	221.86423E-6	102.78874E-12	-1.2785529E+0	305.89450E-6	-2.3094790E-12	208.71445E-15
10.000001E-12	55.721053E-12	600.00002E-3	2.3932653E-3	103.25684E-12	-1.2810876E+0	264.26109E-6	-2.3462061E-12	132.74856E-15
7.5000006E-12	56.108378E-12	600.00002E-3	-6.1591645E-3	102.99048E-12	-1.3245932E+0	298.21403E-6	-2.3757602E-12	128.37317E-15
5.0000004E-12	58.431322E-12	600.00002E-3	1.5562419E-3	103.02721E-12	-1.2991098E+0	296.42807E-6	-2.3483823E-12	124.49991E-15
2.5000002E-12	61.097356E-12	600.00002E-3	2.4698603E-3	102.91388E-12	-1.3135610E+0	299.52649E-6	-2.3773583E-12	153.08801E-15
0.0000000E+0	68.953815E-12	600.00002E-3	1.2447744E-3	103.18546E-12	-1.3292872E+0	277.80962E-6	-2.3357154E-12	189.83419E-15
