Experiment	Z spectroscopy	
Saved Date	24.08.2024 21:06:21	
User		
Date		
X (m)	356.028E-9	
Y (m)	-268.336E-9	
Z (m)	-70.1729E-9	
Z offset (m)	1E-9	
Z sweep distance (m)	1E-9	
Settling time (s)	50E-3	
Integration time (s)	700E-3	
Final Z (m)	N/A	
Start time	24.08.2024 21:01:19	
Filter type	None	
Order		
Cutoff frq		

[DATA]
Z rel (m)	Current (A)	Bias (V)	OC D1 Phase (deg)	OC D1 Amplitude (m)	OC M1 Freq. Shift (Hz)	OC M1 Excitation (V)	LI Demod 1 X (A)	LI Demod 1 Y (A)
999.99997E-12	3.2233595E-12	600.00002E-3	-3.0220405E-3	102.94748E-12	-608.83552E-3	287.72966E-6	-2.3780873E-12	14.567427E-15
997.49997E-12	3.1787684E-12	600.00002E-3	5.9662843E-3	103.14957E-12	-520.87307E-3	281.14629E-6	-2.3653536E-12	20.982478E-15
994.99997E-12	3.1432862E-12	600.00002E-3	-5.9219869E-3	102.97910E-12	-604.82007E-3	289.47229E-6	-2.3556671E-12	25.989924E-15
992.49997E-12	3.1254561E-12	600.00002E-3	-460.12976E-6	102.87361E-12	-558.31367E-3	313.50341E-6	-2.3624843E-12	20.515360E-15
989.99997E-12	3.1047951E-12	600.00002E-3	-5.5280589E-3	102.94156E-12	-579.46718E-3	303.93360E-6	-2.3424613E-12	22.448396E-15
987.49997E-12	3.0775400E-12	600.00002E-3	-977.57776E-6	102.90275E-12	-555.39584E-3	307.58179E-6	-2.3701807E-12	6.9516701E-15
984.99997E-12	3.0625246E-12	600.00002E-3	-675.40543E-6	103.12325E-12	-540.72660E-3	275.60923E-6	-2.3720173E-12	17.625234E-15
982.49997E-12	3.0494717E-12	600.00002E-3	3.7670424E-3	102.98974E-12	-539.20835E-3	296.53325E-6	-2.3480959E-12	-3.7495455E-15
979.99997E-12	3.0283209E-12	600.00002E-3	-379.33912E-6	102.71822E-12	-539.09194E-3	323.75776E-6	-2.3777313E-12	47.396992E-15
977.49997E-12	3.0130848E-12	600.00002E-3	-1.1200388E-3	102.87392E-12	-565.64134E-3	309.15882E-6	-2.3605655E-12	31.953969E-15
974.99997E-12	3.0051825E-12	600.00002E-3	2.4404167E-3	103.05117E-12	-542.61130E-3	291.56869E-6	-2.3580281E-12	18.717065E-15
972.49997E-12	2.9960901E-12	600.00002E-3	864.67905E-6	103.11633E-12	-580.73074E-3	275.78359E-6	-2.3747265E-12	23.841536E-15
969.99997E-12	2.9828037E-12	600.00002E-3	-501.43385E-6	102.86968E-12	-557.31398E-3	309.62293E-6	-2.3781023E-12	16.500122E-15
967.49997E-12	2.9683502E-12	600.00002E-3	1.3459655E-3	103.28170E-12	-556.09679E-3	274.65503E-6	-2.3597502E-12	15.913127E-15
964.99997E-12	2.9567787E-12	600.00002E-3	2.9528823E-3	102.94107E-12	-553.18815E-3	290.52552E-6	-2.3466572E-12	2.7704633E-15
962.49997E-12	2.9415235E-12	600.00002E-3	-654.73292E-6	103.10597E-12	-577.16846E-3	292.73782E-6	-2.3600880E-12	6.8325375E-15
959.99997E-12	2.9410220E-12	600.00002E-3	3.8768600E-3	102.94523E-12	-517.26407E-3	298.17791E-6	-2.3670517E-12	18.396622E-15
957.49997E-12	2.9288839E-12	600.00002E-3	-2.8739818E-3	103.13484E-12	-561.02967E-3	285.89601E-6	-2.3543040E-12	27.657567E-15
954.99997E-12	2.9174397E-12	600.00002E-3	7.5098518E-3	103.03624E-12	-500.69129E-3	292.93069E-6	-2.3501236E-12	4.0818772E-15
952.49997E-12	2.9122674E-12	600.00002E-3	-8.4653255E-3	103.35260E-12	-577.99697E-3	265.89414E-6	-2.3725633E-12	-6.1917249E-15
949.99997E-12	2.9014718E-12	600.00002E-3	547.97553E-6	103.06414E-12	-566.81532E-3	299.14395E-6	-2.3693699E-12	3.8701431E-15
947.49997E-12	2.8923535E-12	600.00002E-3	-3.7570363E-3	103.07704E-12	-547.22464E-3	291.08216E-6	-2.3778115E-12	23.292293E-15
944.99997E-12	2.8809188E-12	600.00002E-3	2.2079456E-3	102.78790E-12	-516.83718E-3	320.39007E-6	-2.3425775E-12	28.548971E-15
942.49997E-12	2.8743457E-12	600.00002E-3	-2.5796241E-3	102.89473E-12	-567.64972E-3	290.71124E-6	-2.3457015E-12	8.8597529E-15
939.99997E-12	2.8644853E-12	600.00002E-3	1.5636126E-3	103.16636E-12	-547.80197E-3	274.23902E-6	-2.3380763E-12	33.453051E-15
937.49997E-12	2.8562992E-12	600.00002E-3	-2.7924739E-3	103.06588E-12	-561.53512E-3	289.93053E-6	-2.3552241E-12	21.877148E-15
934.99997E-12	2.8522007E-12	600.00002E-3	-3.1501176E-3	103.10484E-12	-601.98671E-3	288.49940E-6	-2.3554164E-12	29.677659E-15
932.49997E-12	2.8454830E-12	600.00002E-3	4.1464702E-3	102.98349E-12	-535.60263E-3	285.40296E-6	-2.3444378E-12	18.049393E-15
929.99997E-12	2.8388353E-12	600.00002E-3	-677.20487E-6	102.79122E-12	-531.05760E-3	310.94532E-6	-2.3761427E-12	1.8713293E-15
927.49997E-12	2.8358986E-12	600.00002E-3	-2.8366055E-3	103.14351E-12	-570.58328E-3	273.69295E-6	-2.3644715E-12	-5.1442801E-15
924.99997E-12	2.8243482E-12	600.00002E-3	3.1675368E-3	103.18074E-12	-549.63940E-3	276.97717E-6	-2.3777150E-12	2.9416654E-15
922.49997E-12	2.8185102E-12	600.00002E-3	1.4668854E-3	103.04047E-12	-542.48476E-3	286.67098E-6	-2.3666340E-12	20.969371E-15
919.99997E-12	2.8158259E-12	600.00002E-3	-3.8960748E-3	103.02587E-12	-565.99927E-3	294.11365E-6	-2.3671217E-12	5.9959773E-15
917.49996E-12	2.8116032E-12	600.00002E-3	3.3565653E-3	102.70054E-12	-524.21373E-3	315.50264E-6	-2.3473439E-12	39.818511E-15
914.99996E-12	2.8075535E-12	600.00002E-3	-6.0571716E-3	103.00371E-12	-580.76710E-3	288.43957E-6	-2.3701249E-12	16.402993E-15
912.49996E-12	2.7984876E-12	600.00002E-3	3.2111146E-3	103.09431E-12	-534.14696E-3	285.01760E-6	-2.3609292E-12	16.728150E-15
909.99996E-12	2.7926741E-12	600.00002E-3	706.80038E-6	103.00327E-12	-532.00364E-3	287.09421E-6	-2.3598450E-12	20.253096E-15
907.49996E-12	2.7794600E-12	600.00002E-3	-1.2136067E-3	103.11153E-12	-559.32319E-3	274.81237E-6	-2.3565299E-12	18.766921E-15
904.99996E-12	2.7795240E-12	600.00002E-3	4.7219521E-3	103.19769E-12	-540.60489E-3	267.69578E-6	-2.3503575E-12	-1.1084503E-15
902.49996E-12	2.7743452E-12	600.00002E-3	-4.3891198E-3	102.76471E-12	-584.49417E-3	321.33807E-6	-2.3422592E-12	28.175470E-15
899.99996E-12	2.7667183E-12	600.00002E-3	2.8401122E-3	102.84021E-12	-531.32737E-3	287.46459E-6	-2.3674237E-12	12.869520E-15
897.49996E-12	2.7656540E-12	600.00002E-3	2.5666722E-3	103.09959E-12	-558.39896E-3	283.46654E-6	-2.3649132E-12	13.646751E-15
894.99996E-12	2.7583552E-12	600.00002E-3	1.7853910E-3	103.15715E-12	-530.53534E-3	281.69408E-6	-2.3589019E-12	15.389767E-15
892.49996E-12	2.7488463E-12	600.00002E-3	-6.1728940E-3	102.95761E-12	-605.84462E-3	299.53281E-6	-2.3549749E-12	-5.7437579E-15
889.99996E-12	2.7494200E-12	600.00002E-3	-416.10061E-6	103.12600E-12	-576.95901E-3	276.16732E-6	-2.3402517E-12	24.628427E-15
887.49996E-12	2.7441432E-12	600.00002E-3	2.6493685E-3	102.70838E-12	-575.15442E-3	312.68437E-6	-2.3686912E-12	31.793720E-15
884.99996E-12	2.7364495E-12	600.00002E-3	3.0834356E-3	102.92640E-12	-557.04105E-3	289.84784E-6	-2.3666050E-12	2.9224199E-15
882.49996E-12	2.7368979E-12	600.00002E-3	-707.85580E-6	103.20983E-12	-570.26327E-3	272.45595E-6	-2.3450959E-12	41.443350E-15
879.99996E-12	2.7343878E-12	600.00002E-3	-2.2536847E-3	102.80770E-12	-585.08587E-3	312.82206E-6	-2.3488438E-12	-4.2871556E-15
877.49996E-12	2.7227892E-12	600.00002E-3	-1.5194671E-3	102.97793E-12	-578.81856E-3	288.26480E-6	-2.3532259E-12	9.6563738E-15
874.99996E-12	2.7187887E-12	600.00002E-3	1.6304530E-3	103.21095E-12	-569.18979E-3	272.88636E-6	-2.3610599E-12	15.017689E-15
872.49996E-12	2.7154602E-12	600.00002E-3	4.5602005E-3	102.88349E-12	-550.22490E-3	297.64033E-6	-2.3692153E-12	5.5774227E-15
869.99996E-12	2.7162131E-12	600.00002E-3	-475.74053E-6	102.83786E-12	-566.89084E-3	304.38995E-6	-2.3587170E-12	-805.18273E-21
867.49996E-12	2.7075490E-12	600.00002E-3	796.09803E-6	102.97946E-12	-542.48488E-3	291.28909E-6	-2.3868850E-12	-222.03265E-18
864.99996E-12	2.7091942E-12	600.00002E-3	4.6951612E-3	103.09009E-12	-559.20464E-3	287.51823E-6	-2.3565399E-12	15.117680E-15
862.49996E-12	2.7075618E-12	600.00002E-3	565.81007E-6	103.07386E-12	-554.86697E-3	311.00278E-6	-2.3588067E-12	-136.84143E-18
859.99996E-12	2.6995632E-12	600.00002E-3	2.1275436E-3	102.98019E-12	-574.92125E-3	303.33555E-6	-2.3686749E-12	2.0800065E-15
857.49996E-12	2.6967801E-12	600.00002E-3	-7.8302659E-3	103.14505E-12	-572.70783E-3	283.16394E-6	-2.3909726E-12	11.544237E-15
854.99996E-12	2.6945035E-12	600.00002E-3	2.4476587E-3	102.93484E-12	-562.63161E-3	306.20472E-6	-2.3518104E-12	17.568026E-15
852.49996E-12	2.6863819E-12	600.00002E-3	-2.5583720E-3	103.13735E-12	-590.84904E-3	275.21286E-6	-2.3660178E-12	10.166583E-15
849.99996E-12	2.6882559E-12	600.00002E-3	-1.3913990E-3	102.95391E-12	-571.80482E-3	296.76547E-6	-2.3546922E-12	29.909035E-15
847.49996E-12	2.6846247E-12	600.00002E-3	-45.537454E-6	103.00193E-12	-551.70137E-3	284.40118E-6	-2.3662871E-12	12.167334E-15
844.99996E-12	2.6811433E-12	600.00002E-3	-2.7912806E-3	103.14962E-12	-584.12695E-3	281.43532E-6	-2.3727660E-12	7.3088152E-15
842.49996E-12	2.6755954E-12	600.00002E-3	2.1520264E-3	103.16854E-12	-573.54432E-3	275.43737E-6	-2.3866822E-12	5.9291023E-15
839.99996E-12	2.6758012E-12	600.00002E-3	-1.4023865E-3	103.12128E-12	-583.25034E-3	281.12225E-6	-2.3654564E-12	14.059149E-15
837.49996E-12	2.6694695E-12	600.00002E-3	2.1363178E-3	103.01107E-12	-547.75822E-3	295.47871E-6	-2.3731676E-12	39.371907E-15
834.99996E-12	2.6631828E-12	600.00002E-3	-2.3799276E-3	103.06269E-12	-589.26994E-3	293.46184E-6	-2.3603372E-12	-655.09046E-18
832.49996E-12	2.6667427E-12	600.00002E-3	-2.5236763E-3	103.00741E-12	-591.59291E-3	289.54333E-6	-2.3740283E-12	-12.062284E-15
829.99996E-12	2.6609056E-12	600.00002E-3	-2.7039947E-3	103.07531E-12	-588.64266E-3	285.03046E-6	-2.3610838E-12	16.783316E-15
827.49996E-12	2.6542809E-12	600.00002E-3	2.7587120E-3	103.07687E-12	-554.83031E-3	292.81832E-6	-2.3451252E-12	6.6128129E-15
824.99996E-12	2.6547172E-12	600.00002E-3	2.9805142E-3	103.06795E-12	-545.98314E-3	287.98246E-6	-2.3550623E-12	2.3631283E-15
822.49996E-12	2.6507991E-12	600.00002E-3	-2.7913561E-3	102.86887E-12	-583.71776E-3	314.67117E-6	-2.3600043E-12	26.543006E-15
819.99996E-12	2.6469085E-12	600.00002E-3	1.0011167E-3	103.36131E-12	-565.63687E-3	254.02935E-6	-2.3488017E-12	29.185740E-15
817.49996E-12	2.6470722E-12	600.00002E-3	-4.6377718E-3	102.79513E-12	-562.09368E-3	313.58391E-6	-2.3508762E-12	5.3618897E-15
814.99996E-12	2.6507518E-12	600.00002E-3	-479.94207E-6	103.06925E-12	-596.98218E-3	282.04254E-6	-2.3593647E-12	18.094812E-15
812.49996E-12	2.6403307E-12	600.00002E-3	2.6923548E-3	102.98310E-12	-574.50855E-3	310.94867E-6	-2.3465043E-12	35.053283E-15
809.99996E-12	2.6377160E-12	600.00002E-3	-3.6128825E-3	103.00334E-12	-607.12570E-3	276.84556E-6	-2.3534380E-12	21.107116E-15
807.49996E-12	2.6390305E-12	600.00002E-3	6.4339959E-3	102.69068E-12	-548.79546E-3	316.97072E-6	-2.3628369E-12	18.264034E-15
804.99996E-12	2.6303900E-12	600.00002E-3	-3.0517441E-3	103.16192E-12	-590.04104E-3	289.81458E-6	-2.3409020E-12	23.441025E-15
802.49996E-12	2.6259570E-12	600.00002E-3	230.67930E-6	102.95735E-12	-565.23120E-3	298.47460E-6	-2.3788545E-12	20.882379E-15
799.99996E-12	2.6266042E-12	600.00002E-3	3.4203590E-3	102.96428E-12	-584.45388E-3	290.41010E-6	-2.3467194E-12	10.566940E-15
797.49995E-12	2.6220881E-12	600.00002E-3	2.4088763E-3	102.91634E-12	-586.30276E-3	293.41332E-6	-2.3516983E-12	15.568328E-15
794.99995E-12	2.6143846E-12	600.00002E-3	-4.3348200E-3	102.90629E-12	-595.64400E-3	298.58164E-6	-2.3390821E-12	35.948871E-15
792.49995E-12	2.6183990E-12	600.00002E-3	5.2967425E-3	103.20485E-12	-573.87608E-3	291.78555E-6	-2.3639541E-12	-3.0665305E-15
789.99995E-12	2.6212520E-12	600.00002E-3	2.4777667E-3	103.05014E-12	-582.07649E-3	290.06394E-6	-2.3641243E-12	17.082945E-15
787.49995E-12	2.6147379E-12	600.00002E-3	-2.4253966E-3	103.08516E-12	-593.22244E-3	296.76029E-6	-2.3605425E-12	29.102524E-15
784.99995E-12	2.6114065E-12	600.00002E-3	4.1497010E-3	102.86753E-12	-576.66159E-3	301.17721E-6	-2.3656127E-12	10.967261E-15
782.49995E-12	2.6132922E-12	600.00002E-3	-3.9330223E-3	103.16109E-12	-589.11759E-3	293.58431E-6	-2.3648705E-12	19.593073E-15
779.99995E-12	2.6076060E-12	600.00002E-3	-2.0771483E-3	102.83183E-12	-577.76874E-3	308.96338E-6	-2.3718623E-12	7.5985276E-15
777.49995E-12	2.6041495E-12	600.00002E-3	-201.90352E-6	102.84303E-12	-586.48932E-3	304.57033E-6	-2.3527118E-12	10.294217E-15
774.99995E-12	2.5987652E-12	600.00002E-3	2.5730694E-3	102.96341E-12	-562.60037E-3	306.48761E-6	-2.3715270E-12	4.9060097E-15
772.49995E-12	2.5953408E-12	600.00002E-3	-3.3482548E-3	102.82870E-12	-588.10443E-3	299.14681E-6	-2.3457558E-12	11.647708E-15
769.99995E-12	2.5982628E-12	600.00002E-3	3.7326480E-3	102.76229E-12	-581.13551E-3	320.57244E-6	-2.3720594E-12	14.563458E-15
767.49995E-12	2.5974427E-12	600.00002E-3	-1.7803208E-3	103.28075E-12	-582.33249E-3	264.72154E-6	-2.3643568E-12	8.3026923E-15
764.99995E-12	2.5838966E-12	600.00002E-3	5.8007864E-3	103.00880E-12	-560.70781E-3	301.03792E-6	-2.3560004E-12	7.1410883E-15
762.49995E-12	2.5893623E-12	600.00002E-3	-1.4809086E-3	102.93699E-12	-570.70702E-3	306.09651E-6	-2.3549064E-12	34.822568E-15
759.99995E-12	2.5911575E-12	600.00002E-3	342.82394E-6	102.68631E-12	-566.49154E-3	341.98270E-6	-2.3743160E-12	20.086732E-15
757.49995E-12	2.5898561E-12	600.00002E-3	-122.30797E-6	102.89501E-12	-560.65190E-3	301.53772E-6	-2.3643997E-12	6.8504548E-15
754.99995E-12	2.5844190E-12	600.00002E-3	1.7711651E-3	103.07109E-12	-581.63333E-3	280.76879E-6	-2.3560119E-12	5.8097948E-15
752.49995E-12	2.5849164E-12	600.00002E-3	-702.28177E-6	103.12497E-12	-594.13129E-3	292.33369E-6	-2.3465620E-12	9.1759918E-15
749.99995E-12	2.5784214E-12	600.00002E-3	-2.3121198E-3	103.03165E-12	-620.05711E-3	306.73511E-6	-2.3498313E-12	18.912909E-15
747.49995E-12	2.5756619E-12	600.00002E-3	-767.50730E-6	102.80162E-12	-600.07435E-3	299.99315E-6	-2.3585253E-12	19.186621E-15
744.99995E-12	2.5785489E-12	600.00002E-3	2.0735473E-3	102.83807E-12	-569.12774E-3	295.35964E-6	-2.3689241E-12	24.053433E-15
742.49995E-12	2.5785910E-12	600.00002E-3	442.11454E-6	102.98164E-12	-580.23107E-3	279.92771E-6	-2.3712688E-12	23.235732E-15
739.99995E-12	2.5703443E-12	600.00002E-3	-887.13138E-6	103.11391E-12	-575.27292E-3	286.73562E-6	-2.3703101E-12	4.8801786E-15
737.49995E-12	2.5775200E-12	600.00002E-3	-2.7654432E-3	103.09065E-12	-593.91797E-3	274.46265E-6	-2.3720602E-12	268.49751E-18
734.99995E-12	2.5750235E-12	600.00002E-3	-4.5762951E-3	103.13411E-12	-605.23719E-3	278.22220E-6	-2.3582442E-12	14.787327E-15
732.49995E-12	2.5745402E-12	600.00002E-3	874.92145E-6	103.09049E-12	-600.08520E-3	295.50033E-6	-2.3682866E-12	14.177314E-15
729.99995E-12	2.5701229E-12	600.00002E-3	6.9541647E-3	102.85228E-12	-547.87058E-3	294.30527E-6	-2.3401691E-12	9.6799959E-15
727.49995E-12	2.5646972E-12	600.00002E-3	-1.5539523E-3	103.07043E-12	-593.67675E-3	277.70601E-6	-2.3533803E-12	22.052320E-15
724.99995E-12	2.5637305E-12	600.00002E-3	2.9073956E-3	102.70292E-12	-596.84753E-3	302.53670E-6	-2.3501912E-12	15.969392E-15
722.49995E-12	2.5618490E-12	600.00002E-3	-1.1646540E-3	103.16634E-12	-612.50758E-3	276.41354E-6	-2.3558824E-12	20.984028E-15
719.99995E-12	2.5650753E-12	600.00002E-3	7.1119610E-3	102.68062E-12	-553.09516E-3	326.92723E-6	-2.3665174E-12	-700.99361E-18
717.49995E-12	2.5523227E-12	600.00002E-3	-5.5606882E-3	103.00166E-12	-586.87842E-3	294.91127E-6	-2.3689976E-12	5.0001024E-15
714.99995E-12	2.5542999E-12	600.00002E-3	-4.3004039E-3	102.89981E-12	-637.94732E-3	301.14333E-6	-2.3667314E-12	11.539278E-15
712.49995E-12	2.5592226E-12	600.00002E-3	-1.3215652E-3	103.01542E-12	-594.42019E-3	273.33756E-6	-2.3692276E-12	20.681915E-15
709.99995E-12	2.5523390E-12	600.00002E-3	-5.7402607E-3	103.06888E-12	-621.68062E-3	298.13766E-6	-2.3710101E-12	7.3925783E-15
707.49995E-12	2.5499605E-12	600.00002E-3	3.7199799E-3	102.82347E-12	-585.15179E-3	323.47799E-6	-2.3676558E-12	4.8462567E-15
704.99995E-12	2.5518121E-12	600.00002E-3	1.7377886E-3	102.98926E-12	-595.31718E-3	292.49780E-6	-2.3712614E-12	20.214999E-15
702.49995E-12	2.5477090E-12	600.00002E-3	-3.4722034E-3	102.78334E-12	-614.53712E-3	326.83156E-6	-2.3727110E-12	15.820078E-15
699.99995E-12	2.5434941E-12	600.00002E-3	1.7223887E-3	103.08159E-12	-609.34764E-3	291.36872E-6	-2.3579569E-12	12.726440E-15
697.49995E-12	2.5420256E-12	600.00002E-3	-409.90030E-6	102.89772E-12	-600.06052E-3	303.32047E-6	-2.3584906E-12	30.939722E-15
694.99995E-12	2.5373204E-12	600.00002E-3	721.51603E-6	102.93968E-12	-599.11287E-3	287.48700E-6	-2.3697678E-12	8.6678728E-15
692.49995E-12	2.5378723E-12	600.00002E-3	4.1542985E-3	103.00511E-12	-588.72485E-3	292.22987E-6	-2.3427475E-12	-19.187048E-15
689.99995E-12	2.5406040E-12	600.00002E-3	2.1280984E-3	102.75270E-12	-571.34110E-3	312.07607E-6	-2.3653913E-12	19.715098E-15
687.49995E-12	2.5333982E-12	600.00002E-3	-5.4925755E-3	103.01621E-12	-627.06923E-3	301.85169E-6	-2.3747013E-12	29.793317E-15
684.99995E-12	2.5329877E-12	600.00002E-3	-2.3273274E-3	103.03591E-12	-622.22534E-3	281.14297E-6	-2.3581196E-12	17.453593E-15
682.49995E-12	2.5330239E-12	600.00002E-3	3.0755599E-3	102.89974E-12	-584.68235E-3	303.13205E-6	-2.3708477E-12	8.6457949E-15
679.99995E-12	2.5339227E-12	600.00002E-3	-2.1231459E-3	102.85237E-12	-612.78117E-3	299.34992E-6	-2.3573166E-12	12.100658E-15
677.49995E-12	2.5262255E-12	600.00002E-3	2.1919673E-3	102.91078E-12	-612.20384E-3	299.72068E-6	-2.3471301E-12	2.7720860E-15
674.99994E-12	2.5264448E-12	600.00002E-3	-1.8478938E-3	102.76025E-12	-611.47684E-3	311.39745E-6	-2.3567908E-12	21.469563E-15
672.49994E-12	2.5294567E-12	600.00002E-3	2.8213155E-3	103.21571E-12	-593.94526E-3	278.53044E-6	-2.3720928E-12	33.152470E-15
669.99994E-12	2.5238639E-12	600.00002E-3	-8.2024634E-3	103.02351E-12	-652.37463E-3	297.08928E-6	-2.3652922E-12	19.630763E-15
667.49994E-12	2.5243611E-12	600.00002E-3	-721.82989E-6	102.98561E-12	-612.54799E-3	295.04759E-6	-2.3729029E-12	4.0408698E-15
664.99994E-12	2.5206673E-12	600.00002E-3	-2.9340512E-3	102.95609E-12	-638.83889E-3	295.95941E-6	-2.3623646E-12	14.809040E-15
662.49994E-12	2.5232824E-12	600.00002E-3	117.45414E-6	102.96128E-12	-618.50142E-3	292.33078E-6	-2.3691821E-12	18.040108E-15
659.99994E-12	2.5193589E-12	600.00002E-3	-4.1914666E-3	103.22234E-12	-609.34669E-3	274.42657E-6	-2.3608611E-12	12.021417E-15
657.49994E-12	2.5153412E-12	600.00002E-3	-5.0886329E-3	102.88889E-12	-653.96923E-3	292.32012E-6	-2.3649299E-12	8.3890499E-15
654.99994E-12	2.5137939E-12	600.00002E-3	5.7780421E-3	102.82224E-12	-597.51427E-3	321.77655E-6	-2.3688055E-12	25.773652E-15
652.49994E-12	2.5165777E-12	600.00002E-3	-788.81392E-6	102.89464E-12	-618.86197E-3	305.15276E-6	-2.3517076E-12	27.544312E-15
649.99994E-12	2.5171011E-12	600.00002E-3	2.4384197E-3	102.89779E-12	-609.90155E-3	297.51533E-6	-2.3595498E-12	22.768651E-15
647.49994E-12	2.5092545E-12	600.00002E-3	1.8297103E-3	103.03138E-12	-596.83889E-3	293.13704E-6	-2.3819028E-12	22.958349E-15
644.99994E-12	2.5113091E-12	600.00002E-3	-6.4341081E-3	103.04645E-12	-622.90573E-3	297.35357E-6	-2.3506056E-12	9.9903911E-15
642.49994E-12	2.5136371E-12	600.00002E-3	9.2051841E-6	102.96018E-12	-607.38361E-3	318.35298E-6	-2.3586009E-12	16.342833E-15
639.99994E-12	2.5123198E-12	600.00002E-3	-2.0958022E-3	103.00053E-12	-617.33156E-3	294.47119E-6	-2.3707594E-12	37.605566E-15
637.49994E-12	2.5042492E-12	600.00002E-3	2.5342740E-3	102.89200E-12	-611.74679E-3	300.28081E-6	-2.3749375E-12	-343.14697E-18
634.99994E-12	2.5109340E-12	600.00002E-3	-992.57519E-6	103.10576E-12	-609.45016E-3	290.35576E-6	-2.3627313E-12	16.617316E-15
632.49994E-12	2.5077006E-12	600.00002E-3	1.5173004E-3	102.98377E-12	-607.19407E-3	291.01866E-6	-2.3613722E-12	1.8024569E-15
629.99994E-12	2.5010716E-12	600.00002E-3	-2.6675488E-3	102.86753E-12	-623.09855E-3	313.84738E-6	-2.3652931E-12	44.088048E-15
627.49994E-12	2.5045005E-12	600.00002E-3	1.0683298E-3	103.10305E-12	-622.45482E-3	291.44128E-6	-2.3445946E-12	15.925261E-15
624.99994E-12	2.5053117E-12	600.00002E-3	-4.6838834E-3	103.04645E-12	-624.78620E-3	284.03741E-6	-2.3619980E-12	24.273372E-15
622.49994E-12	2.5001394E-12	600.00002E-3	-2.0226673E-3	102.96230E-12	-628.72678E-3	290.65160E-6	-2.3819863E-12	27.906664E-15
619.99994E-12	2.4974751E-12	600.00002E-3	-1.5707435E-3	102.80302E-12	-647.86994E-3	322.39192E-6	-2.3755060E-12	7.4280741E-15
617.49994E-12	2.5038593E-12	600.00002E-3	4.1775354E-3	102.84314E-12	-622.75863E-3	312.58512E-6	-2.3739402E-12	11.471841E-15
614.99994E-12	2.4939317E-12	600.00002E-3	208.29095E-6	102.91062E-12	-608.67739E-3	296.41279E-6	-2.3279625E-12	23.765154E-15
612.49994E-12	2.4945558E-12	600.00002E-3	876.25143E-6	103.15009E-12	-637.43055E-3	288.19131E-6	-2.3542613E-12	22.901477E-15
609.99994E-12	2.4971793E-12	600.00002E-3	1.6387975E-3	103.20324E-12	-621.30392E-3	279.97798E-6	-2.3725804E-12	20.381307E-15
607.49994E-12	2.4927348E-12	600.00002E-3	-1.8278783E-3	102.81606E-12	-624.20678E-3	309.27421E-6	-2.3710658E-12	20.459610E-15
604.99994E-12	2.4906667E-12	600.00002E-3	-187.77227E-6	102.92869E-12	-637.44497E-3	309.14418E-6	-2.3651144E-12	29.620725E-15
602.49994E-12	2.4945248E-12	600.00002E-3	2.8662609E-3	103.01961E-12	-625.83482E-3	296.63506E-6	-2.3691030E-12	30.132936E-15
599.99994E-12	2.4884734E-12	600.00002E-3	646.10608E-6	102.81338E-12	-625.43499E-3	300.65668E-6	-2.3814008E-12	23.387620E-15
597.49994E-12	2.4858013E-12	600.00002E-3	981.71597E-6	102.93101E-12	-627.51389E-3	292.45418E-6	-2.3500275E-12	13.619393E-15
594.99994E-12	2.4859669E-12	600.00002E-3	-1.1213985E-3	102.98468E-12	-635.18572E-3	289.92485E-6	-2.3622885E-12	22.147408E-15
592.49994E-12	2.4879035E-12	600.00002E-3	4.1520717E-3	102.94856E-12	-655.70456E-3	317.67786E-6	-2.3528462E-12	24.155342E-15
589.99994E-12	2.4869098E-12	600.00002E-3	1.8051865E-3	102.82663E-12	-638.49622E-3	330.06282E-6	-2.3680662E-12	8.8964455E-15
587.49994E-12	2.4903233E-12	600.00002E-3	1.3491850E-3	103.10948E-12	-667.80961E-3	298.79503E-6	-2.3768305E-12	10.577918E-15
584.99994E-12	2.4883164E-12	600.00002E-3	-3.0919765E-3	102.85541E-12	-670.20422E-3	301.27965E-6	-2.3592630E-12	26.338234E-15
582.49994E-12	2.4854361E-12	600.00002E-3	1.1750429E-3	102.92379E-12	-664.62982E-3	288.51492E-6	-2.3683226E-12	21.498794E-15
579.99994E-12	2.4880356E-12	600.00002E-3	7.0790243E-3	103.10684E-12	-647.04585E-3	278.53847E-6	-2.3618670E-12	18.925322E-15
577.49994E-12	2.4783621E-12	600.00002E-3	-1.7007559E-3	102.85368E-12	-663.66535E-3	299.94530E-6	-2.3585582E-12	2.9897063E-15
574.99994E-12	2.4748801E-12	600.00002E-3	104.04330E-6	103.13243E-12	-682.97857E-3	269.18598E-6	-2.3550038E-12	26.128979E-15
572.49994E-12	2.4785111E-12	600.00002E-3	-5.1140576E-3	103.00481E-12	-662.80878E-3	289.45788E-6	-2.3732364E-12	6.0009447E-15
569.99994E-12	2.4757208E-12	600.00002E-3	-2.8136647E-3	103.13490E-12	-678.91639E-3	280.33060E-6	-2.3649980E-12	8.6907639E-15
567.49994E-12	2.4763991E-12	600.00002E-3	-1.2964279E-3	102.95606E-12	-653.44512E-3	302.41808E-6	-2.3615112E-12	7.6521448E-15
564.99994E-12	2.4750679E-12	600.00002E-3	-1.0815858E-3	102.88266E-12	-682.10590E-3	313.57925E-6	-2.3391549E-12	23.741817E-15
562.49994E-12	2.4784638E-12	600.00002E-3	1.4547657E-3	102.90839E-12	-678.78878E-3	282.75372E-6	-2.3573222E-12	-731.42798E-18
559.99994E-12	2.4798022E-12	600.00002E-3	-1.7888850E-3	103.11979E-12	-704.55509E-3	287.26205E-6	-2.3679567E-12	24.253869E-15
557.49994E-12	2.4738449E-12	600.00002E-3	-278.89721E-6	103.05785E-12	-697.73632E-3	285.55421E-6	-2.3654117E-12	27.610591E-15
554.99993E-12	2.4753882E-12	600.00002E-3	-3.9499779E-3	102.98574E-12	-710.49362E-3	288.14626E-6	-2.3819937E-12	6.5124255E-15
552.49993E-12	2.4738701E-12	600.00002E-3	-4.8091966E-3	103.00017E-12	-704.17070E-3	296.42601E-6	-2.3412936E-12	20.251919E-15
549.99993E-12	2.4712522E-12	600.00002E-3	1.8496072E-3	103.02043E-12	-683.79122E-3	300.10103E-6	-2.3581493E-12	21.198485E-15
547.49993E-12	2.4727254E-12	600.00002E-3	2.3722197E-3	102.71559E-12	-688.66181E-3	330.89038E-6	-2.3628903E-12	18.055071E-15
544.99993E-12	2.4682480E-12	600.00002E-3	270.73489E-6	102.75529E-12	-672.89025E-3	323.04661E-6	-2.3870398E-12	8.6297174E-15
542.49993E-12	2.4649378E-12	600.00002E-3	-554.21842E-6	103.01029E-12	-695.02705E-3	302.52588E-6	-2.3509499E-12	12.917050E-15
539.99993E-12	2.4696562E-12	600.00002E-3	-225.10170E-6	103.08646E-12	-691.95372E-3	286.48795E-6	-2.3674513E-12	18.224224E-15
537.49993E-12	2.4663403E-12	600.00002E-3	420.39584E-6	102.72527E-12	-697.60919E-3	316.67537E-6	-2.3684433E-12	11.503343E-15
534.99993E-12	2.4715293E-12	600.00002E-3	1.2219913E-3	103.07842E-12	-714.26344E-3	278.60588E-6	-2.3778672E-12	29.122782E-15
532.49999E-12	2.4694326E-12	600.00002E-3	3.9804601E-3	102.87320E-12	-712.92508E-3	294.52197E-6	-2.3473875E-12	1.1829252E-15
529.99999E-12	2.4643564E-12	600.00002E-3	831.88672E-6	103.01463E-12	-725.86298E-3	283.81505E-6	-2.3553921E-12	-163.49599E-18
527.49999E-12	2.4641101E-12	600.00002E-3	3.5137471E-3	102.96210E-12	-705.49184E-3	287.79279E-6	-2.3401617E-12	14.978190E-15
524.99999E-12	2.4571671E-12	600.00002E-3	-2.3083310E-3	103.31049E-12	-737.33073E-3	264.41392E-6	-2.3598653E-12	29.448612E-15
522.49999E-12	2.4602870E-12	600.00002E-3	2.0516363E-3	102.94289E-12	-720.07811E-3	280.71689E-6	-2.3489147E-12	12.609459E-15
519.99999E-12	2.4589473E-12	600.00002E-3	-7.1687102E-3	102.89640E-12	-748.79634E-3	310.89075E-6	-2.3551475E-12	47.648663E-15
517.49999E-12	2.4582762E-12	600.00002E-3	1.6889210E-3	102.94084E-12	-712.63856E-3	299.07413E-6	-2.3494986E-12	9.3261622E-15
514.99999E-12	2.4572076E-12	600.00002E-3	3.5005303E-3	103.12904E-12	-730.45969E-3	278.70247E-6	-2.3509996E-12	13.263187E-15
512.49999E-12	2.4525412E-12	600.00002E-3	810.14977E-6	102.92087E-12	-744.94916E-3	306.67320E-6	-2.3561840E-12	21.561166E-15
509.99999E-12	2.4482118E-12	600.00002E-3	-2.7539651E-3	103.14770E-12	-764.17166E-3	290.42529E-6	-2.3407745E-12	1.5989701E-15
507.49999E-12	2.4601679E-12	600.00002E-3	2.8116466E-3	102.93091E-12	-737.75715E-3	311.09227E-6	-2.3568721E-12	1.7002689E-15
504.99999E-12	2.4523055E-12	600.00002E-3	1.4976475E-3	102.96853E-12	-761.76327E-3	294.65309E-6	-2.3578188E-12	13.792585E-15
502.49999E-12	2.4519321E-12	600.00002E-3	-3.0074005E-3	102.99190E-12	-766.69931E-3	301.34639E-6	-2.3585125E-12	22.386852E-15
499.99999E-12	2.4530790E-12	600.00002E-3	-5.3469269E-3	103.16244E-12	-796.08124E-3	289.06297E-6	-2.3691459E-12	17.535181E-15
497.49999E-12	2.4510630E-12	600.00002E-3	297.26906E-6	103.03781E-12	-762.94625E-3	284.95284E-6	-2.3741128E-12	7.0315877E-15
494.99999E-12	2.4544110E-12	600.00002E-3	1.1661093E-3	103.17827E-12	-741.20760E-3	286.18009E-6	-2.3528269E-12	11.513964E-15
492.49999E-12	2.4515665E-12	600.00002E-3	1.1408060E-3	102.89903E-12	-787.27877E-3	299.63301E-6	-2.3593603E-12	22.935199E-15
489.99999E-12	2.4498162E-12	600.00002E-3	2.4320239E-3	103.20969E-12	-769.82057E-3	273.49452E-6	-2.3581172E-12	32.816845E-15
487.49998E-12	2.4498593E-12	600.00002E-3	209.32237E-6	102.83080E-12	-742.53100E-3	308.85439E-6	-2.3557462E-12	26.503713E-15
484.99998E-12	2.4489859E-12	600.00002E-3	-3.1899642E-3	103.11119E-12	-774.11300E-3	285.40325E-6	-2.3624264E-12	14.705569E-15
482.49998E-12	2.4483777E-12	600.00002E-3	-3.2042796E-3	102.89259E-12	-792.45698E-3	299.83092E-6	-2.3727090E-12	20.734538E-15
479.99998E-12	2.4493393E-12	600.00002E-3	2.4277675E-3	103.11806E-12	-781.93539E-3	270.67316E-6	-2.3535653E-12	12.524914E-15
477.49998E-12	2.4486381E-12	600.00002E-3	4.0827650E-3	103.11243E-12	-754.77552E-3	271.88560E-6	-2.3798945E-12	-6.1468071E-15
474.99998E-12	2.4467991E-12	600.00002E-3	-127.30906E-6	102.90747E-12	-764.92149E-3	300.13773E-6	-2.3585912E-12	14.186485E-15
472.49998E-12	2.4509509E-12	600.00002E-3	346.36355E-6	103.02272E-12	-791.74280E-3	296.00426E-6	-2.3491508E-12	29.381903E-15
469.99998E-12	2.4482259E-12	600.00002E-3	-388.18861E-6	102.90908E-12	-768.00942E-3	300.57004E-6	-2.3840255E-12	11.317748E-15
467.49998E-12	2.4504905E-12	600.00002E-3	-509.70900E-6	103.19067E-12	-776.39544E-3	276.67702E-6	-2.3613748E-12	17.913681E-15
464.99998E-12	2.4442544E-12	600.00002E-3	-4.4559790E-3	102.68571E-12	-783.84119E-3	332.54435E-6	-2.3406979E-12	45.156661E-15
462.49998E-12	2.4452439E-12	600.00002E-3	62.584491E-6	102.81020E-12	-781.87776E-3	305.62124E-6	-2.3505262E-12	22.998271E-15
459.99998E-12	2.4480305E-12	600.00002E-3	3.9820699E-3	103.01408E-12	-750.57060E-3	295.37268E-6	-2.3525379E-12	9.0228008E-15
457.49998E-12	2.4491039E-12	600.00002E-3	-1.8265523E-3	103.05549E-12	-776.79598E-3	287.73080E-6	-2.3657768E-12	23.929672E-15
454.99998E-12	2.4484598E-12	600.00002E-3	1.9948264E-3	102.90851E-12	-767.45504E-3	318.58677E-6	-2.3546659E-12	10.143466E-15
452.49998E-12	2.4453842E-12	600.00002E-3	482.51913E-6	103.14174E-12	-734.56925E-3	291.63592E-6	-2.3531129E-12	24.017089E-15
449.99998E-12	2.4436347E-12	600.00002E-3	-5.1044100E-3	103.05987E-12	-776.24547E-3	285.08788E-6	-2.3493338E-12	34.802215E-15
447.49998E-12	2.4409502E-12	600.00002E-3	-982.68897E-6	103.13628E-12	-775.23458E-3	286.78164E-6	-2.3571783E-12	13.459224E-15
444.99998E-12	2.4460219E-12	600.00002E-3	531.99148E-6	102.81815E-12	-771.35068E-3	309.46988E-6	-2.3426226E-12	9.1621817E-15
442.49998E-12	2.4421960E-12	600.00002E-3	176.18071E-6	103.08389E-12	-755.48047E-3	282.96898E-6	-2.3568062E-12	22.455281E-15
439.99998E-12	2.4418518E-12	600.00002E-3	-201.32730E-6	102.93132E-12	-758.91852E-3	303.17646E-6	-2.3584032E-12	27.416715E-15
437.49998E-12	2.4391832E-12	600.00002E-3	-2.7207106E-3	102.99343E-12	-786.17835E-3	300.95366E-6	-2.3695963E-12	18.165414E-15
434.99998E-12	2.4382612E-12	600.00002E-3	4.0986692E-3	102.75677E-12	-770.42270E-3	317.54447E-6	-2.3453769E-12	13.672657E-15
432.49998E-12	2.4332331E-12	600.00002E-3	-2.4790890E-3	103.05599E-12	-780.87395E-3	299.44509E-6	-2.3661485E-12	4.6559538E-15
429.99998E-12	2.4331626E-12	600.00002E-3	1.3841640E-3	103.33157E-12	-764.27931E-3	260.95350E-6	-2.3451950E-12	4.1067918E-15
427.49998E-12	2.4389952E-12	600.00002E-3	-456.33473E-6	102.80504E-12	-758.38631E-3	311.63986E-6	-2.3697422E-12	16.066489E-15
424.99998E-12	2.4423764E-12	600.00002E-3	-3.9968989E-3	103.17059E-12	-778.97173E-3	276.95918E-6	-2.3569595E-12	19.851059E-15
422.49998E-12	2.4416322E-12	600.00002E-3	-5.0168517E-3	102.74762E-12	-776.63237E-3	317.38004E-6	-2.3751227E-12	18.655137E-15
419.99998E-12	2.4464109E-12	600.00002E-3	-430.47644E-6	102.81239E-12	-790.89427E-3	318.78884E-6	-2.3763927E-12	2.1322490E-15
417.49998E-12	2.4395757E-12	600.00002E-3	1.5002997E-3	102.73722E-12	-768.65822E-3	330.77650E-6	-2.3613258E-12	4.0596705E-15
414.99998E-12	2.4413653E-12	600.00002E-3	545.10927E-6	103.07739E-12	-749.89188E-3	283.02730E-6	-2.3751099E-12	3.9711793E-15
412.49998E-12	2.4438420E-12	600.00002E-3	1.4554539E-3	103.12713E-12	-761.98161E-3	290.21045E-6	-2.3746690E-12	6.5093660E-15
409.99998E-12	2.4441122E-12	600.00002E-3	-568.45014E-6	102.94370E-12	-777.49002E-3	302.07730E-6	-2.3553141E-12	24.221293E-15
407.49998E-12	2.4404062E-12	600.00002E-3	7.2350823E-3	102.64159E-12	-715.21735E-3	330.77612E-6	-2.3818812E-12	23.594157E-15
404.99998E-12	2.4453024E-12	600.00002E-3	2.5155453E-3	103.10996E-12	-738.50310E-3	290.01854E-6	-2.3588134E-12	9.5506878E-15
402.49998E-12	2.4396802E-12	600.00002E-3	-2.2985868E-3	102.90920E-12	-768.61846E-3	296.65898E-6	-2.3683618E-12	10.502727E-15
399.99998E-12	2.4433897E-12	600.00002E-3	-3.0098497E-3	103.07396E-12	-775.58970E-3	280.23560E-6	-2.3523559E-12	-4.2386770E-15
397.49998E-12	2.4453545E-12	600.00002E-3	-5.8333552E-3	102.92756E-12	-780.74163E-3	283.50900E-6	-2.3759668E-12	-1.6350607E-15
394.99998E-12	2.4461448E-12	600.00002E-3	3.3287443E-3	102.67219E-12	-748.98022E-3	319.94728E-6	-2.3712299E-12	-4.6673188E-15
392.49998E-12	2.4442818E-12	600.00002E-3	3.9585931E-3	103.08885E-12	-747.89757E-3	283.89590E-6	-2.3663213E-12	-5.4645255E-15
389.99998E-12	2.4446298E-12	600.00002E-3	2.5304202E-3	103.14179E-12	-744.33029E-3	268.54692E-6	-2.3438640E-12	17.501153E-15
387.49998E-12	2.4458662E-12	600.00002E-3	-2.9636836E-3	102.93275E-12	-763.10569E-3	286.89753E-6	-2.3722595E-12	5.9966553E-15
384.99998E-12	2.4429042E-12	600.00002E-3	3.1798312E-3	103.08645E-12	-732.43159E-3	303.79317E-6	-2.3645170E-12	17.358776E-15
382.49998E-12	2.4475680E-12	600.00002E-3	-2.6776555E-3	103.10298E-12	-778.76776E-3	279.72230E-6	-2.3718373E-12	10.449293E-15
379.99998E-12	2.4477308E-12	600.00002E-3	3.4720406E-3	103.11145E-12	-744.65549E-3	261.28633E-6	-2.3835183E-12	7.1717543E-15
377.49998E-12	2.4496653E-12	600.00002E-3	-5.0950632E-3	102.81566E-12	-792.24318E-3	303.92606E-6	-2.3605620E-12	25.129889E-15
374.99998E-12	2.4522344E-12	600.00002E-3	815.87036E-6	102.91180E-12	-768.29600E-3	289.59182E-6	-2.3640877E-12	11.575770E-15
372.49998E-12	2.4516498E-12	600.00002E-3	2.0193425E-3	103.22902E-12	-758.29756E-3	267.62846E-6	-2.3700187E-12	25.279548E-15
369.99998E-12	2.4495276E-12	600.00002E-3	-5.8829654E-3	102.89852E-12	-766.64090E-3	308.51760E-6	-2.3589730E-12	6.2492295E-15
367.49997E-12	2.4535723E-12	600.00002E-3	3.5252343E-3	103.12272E-12	-731.92459E-3	285.11396E-6	-2.3621042E-12	39.570245E-15
364.99997E-12	2.4569335E-12	600.00002E-3	120.66198E-6	102.93912E-12	-758.24040E-3	301.96298E-6	-2.3676408E-12	-1.0972281E-15
362.49997E-12	2.4582179E-12	600.00002E-3	3.4379559E-3	102.95748E-12	-741.84746E-3	288.21512E-6	-2.3640341E-12	38.573118E-15
359.99997E-12	2.4597802E-12	600.00002E-3	-264.08123E-6	103.05114E-12	-765.27274E-3	281.49862E-6	-2.3453266E-12	6.2450096E-15
357.49997E-12	2.4602176E-12	600.00002E-3	-2.4400281E-3	103.08242E-12	-765.36179E-3	302.74029E-6	-2.3616623E-12	15.031913E-15
354.99997E-12	2.4700168E-12	600.00002E-3	2.4797632E-3	102.98576E-12	-748.36737E-3	304.10627E-6	-2.3490405E-12	17.014237E-15
352.49997E-12	2.4713120E-12	600.00002E-3	5.2900715E-3	103.23242E-12	-723.88303E-3	284.31785E-6	-2.3788178E-12	9.3369890E-15
349.99997E-12	2.4697135E-12	600.00002E-3	-921.06697E-6	102.97599E-12	-764.67866E-3	285.92473E-6	-2.3678032E-12	21.289097E-15
347.49997E-12	2.4740598E-12	600.00002E-3	-6.9027292E-3	102.90886E-12	-816.03616E-3	300.80992E-6	-2.3779414E-12	3.8507587E-15
344.99997E-12	2.4753270E-12	600.00002E-3	-3.6366172E-3	102.88395E-12	-764.74303E-3	305.73842E-6	-2.3679685E-12	15.119630E-15
342.49997E-12	2.4784690E-12	600.00002E-3	7.6205572E-3	103.05770E-12	-746.86527E-3	291.04421E-6	-2.3605850E-12	24.324791E-15
339.99997E-12	2.4811331E-12	600.00002E-3	-2.8154708E-3	102.80010E-12	-786.92502E-3	308.10284E-6	-2.3739528E-12	-5.3805921E-15
337.49997E-12	2.4834460E-12	600.00002E-3	-5.2979388E-3	103.01136E-12	-781.76457E-3	300.36806E-6	-2.3618399E-12	-5.9673920E-15
334.99997E-12	2.4867883E-12	600.00002E-3	-2.6266526E-3	102.89300E-12	-810.33462E-3	310.52012E-6	-2.3583563E-12	26.823321E-15
332.49997E-12	2.4921022E-12	600.00002E-3	7.7382238E-3	103.12620E-12	-738.60568E-3	282.40588E-6	-2.3416345E-12	4.6770474E-15
329.99997E-12	2.4971815E-12	600.00002E-3	-2.5474790E-3	102.99724E-12	-801.31185E-3	293.44595E-6	-2.3501210E-12	5.7659053E-15
327.49997E-12	2.5021693E-12	600.00002E-3	3.9787879E-3	102.83244E-12	-767.53718E-3	306.14319E-6	-2.3648329E-12	-4.2087521E-15
324.99997E-12	2.5095312E-12	600.00002E-3	1.7344930E-3	103.02666E-12	-808.86263E-3	293.55459E-6	-2.3468298E-12	13.859209E-15
322.49997E-12	2.5135686E-12	600.00002E-3	3.5458701E-3	103.06377E-12	-778.34159E-3	271.80288E-6	-2.3800187E-12	25.434182E-15
319.99997E-12	2.5190345E-12	600.00002E-3	460.04186E-6	102.97023E-12	-804.34489E-3	291.31203E-6	-2.3621057E-12	2.7735384E-15
317.49997E-12	2.5299587E-12	600.00002E-3	2.3334762E-3	102.71057E-12	-794.97522E-3	310.98569E-6	-2.3692849E-12	14.693413E-15
314.99997E-12	2.5338126E-12	600.00002E-3	-407.35496E-6	102.97486E-12	-796.49377E-3	291.37329E-6	-2.3777850E-12	32.379085E-15
312.49997E-12	2.5450464E-12	600.00002E-3	-3.3482483E-3	103.04916E-12	-788.63168E-3	306.37084E-6	-2.3545387E-12	14.721375E-15
309.99997E-12	2.5499921E-12	600.00002E-3	-573.33655E-6	102.96154E-12	-800.06719E-3	297.84418E-6	-2.3613401E-12	-1.1218267E-15
307.49997E-12	2.5569770E-12	600.00002E-3	4.3514655E-3	102.98395E-12	-752.44850E-3	299.96992E-6	-2.3563378E-12	19.484927E-15
304.99997E-12	2.5656925E-12	600.00002E-3	-4.1772425E-3	102.79264E-12	-796.80902E-3	301.58021E-6	-2.3516412E-12	-859.71250E-18
302.49997E-12	2.5758239E-12	600.00002E-3	-819.31846E-6	102.96133E-12	-795.51131E-3	283.41610E-6	-2.3718373E-12	20.133043E-15
299.99997E-12	2.5856116E-12	600.00002E-3	-3.5351871E-3	102.74410E-12	-817.19154E-3	304.36084E-6	-2.3539475E-12	20.184643E-15
297.49997E-12	2.5901484E-12	600.00002E-3	1.1865313E-3	102.79529E-12	-820.75781E-3	312.59260E-6	-2.3588330E-12	18.069676E-15
294.99997E-12	2.6095888E-12	600.00002E-3	986.02567E-6	103.03405E-12	-829.69481E-3	284.46951E-6	-2.3635484E-12	13.172074E-15
292.49997E-12	2.6200463E-12	600.00002E-3	318.61756E-6	103.23419E-12	-806.65308E-3	270.07991E-6	-2.3494594E-12	3.2148375E-15
289.99997E-12	2.6272242E-12	600.00002E-3	-5.7111387E-3	103.06300E-12	-834.58483E-3	290.85821E-6	-2.3671826E-12	26.432634E-15
287.49997E-12	2.6416736E-12	600.00002E-3	1.5514876E-3	103.15616E-12	-799.70354E-3	293.11978E-6	-2.3564338E-12	26.527644E-15
284.99997E-12	2.6578880E-12	600.00002E-3	-3.6985090E-3	103.04235E-12	-845.96860E-3	285.49036E-6	-2.3397631E-12	5.8430632E-15
282.49997E-12	2.6689716E-12	600.00002E-3	386.22229E-6	102.91975E-12	-805.46415E-3	293.81688E-6	-2.3640553E-12	5.5278899E-15
279.99997E-12	2.6825814E-12	600.00002E-3	4.2077885E-3	102.90717E-12	-794.26098E-3	304.07173E-6	-2.3607986E-12	9.0298218E-15
277.49997E-12	2.6961684E-12	600.00002E-3	-3.9814245E-3	103.21542E-12	-856.46534E-3	277.09082E-6	-2.3585058E-12	24.722705E-15
274.99997E-12	2.7089735E-12	600.00002E-3	4.2218035E-3	102.88218E-12	-797.61469E-3	301.46944E-6	-2.3360814E-12	30.387544E-15
272.49997E-12	2.7314479E-12	600.00002E-3	-3.6354356E-3	103.22146E-12	-823.95816E-3	276.57588E-6	-2.3535778E-12	11.433930E-15
269.99997E-12	2.7514753E-12	600.00002E-3	-3.6506574E-3	102.79751E-12	-849.32142E-3	297.14539E-6	-2.3623744E-12	-926.94913E-18
267.49997E-12	2.7709963E-12	600.00002E-3	3.9391983E-3	102.98628E-12	-832.40813E-3	292.63762E-6	-2.3801352E-12	6.8240866E-15
264.99997E-12	2.7879539E-12	600.00002E-3	-3.3185084E-3	102.93553E-12	-848.15502E-3	293.94426E-6	-2.3822402E-12	40.585428E-15
262.49997E-12	2.8129287E-12	600.00002E-3	-374.10686E-6	103.15629E-12	-856.79436E-3	284.55356E-6	-2.3512208E-12	32.207283E-15
259.99997E-12	2.8366341E-12	600.00002E-3	3.1563798E-3	102.76403E-12	-835.73145E-3	296.35234E-6	-2.3412767E-12	31.769902E-15
257.49997E-12	2.8621305E-12	600.00002E-3	1.1551409E-3	103.09329E-12	-829.43636E-3	268.82187E-6	-2.3577106E-12	32.374355E-15
254.99997E-12	2.8923363E-12	600.00002E-3	-3.4635377E-3	103.03431E-12	-853.93602E-3	283.63892E-6	-2.3534967E-12	23.869578E-15
252.49997E-12	2.9116514E-12	600.00002E-3	4.5487774E-3	103.07433E-12	-840.43664E-3	287.54232E-6	-2.3509846E-12	26.914650E-15
249.99997E-12	2.9481380E-12	600.00002E-3	-86.996290E-6	103.23582E-12	-840.47794E-3	273.40601E-6	-2.3528276E-12	22.642146E-15
247.49996E-12	2.9810074E-12	600.00002E-3	-3.1067219E-3	103.28225E-12	-868.58898E-3	277.72560E-6	-2.3786331E-12	23.974260E-15
244.99996E-12	3.0095733E-12	600.00002E-3	1.5095226E-3	103.01683E-12	-844.71977E-3	291.46668E-6	-2.3666466E-12	21.730310E-15
242.49996E-12	3.0422444E-12	600.00002E-3	2.7744654E-3	102.87461E-12	-854.22516E-3	313.78857E-6	-2.3478298E-12	10.748089E-15
239.99996E-12	3.0773155E-12	600.00002E-3	3.2008160E-3	103.01130E-12	-825.61529E-3	311.31913E-6	-2.3640597E-12	11.202632E-15
237.49996E-12	3.1190927E-12	600.00002E-3	-1.5610799E-3	103.03122E-12	-877.85202E-3	275.63699E-6	-2.3645387E-12	6.4307635E-15
234.99996E-12	3.1558282E-12	600.00002E-3	2.1673576E-3	102.86468E-12	-893.02415E-3	294.32474E-6	-2.3524605E-12	21.546307E-15
232.49996E-12	3.1971752E-12	600.00002E-3	5.8545400E-3	103.03570E-12	-847.47785E-3	286.42482E-6	-2.3555136E-12	4.4570192E-15
229.99996E-12	3.2463305E-12	600.00002E-3	3.0895001E-3	103.31893E-12	-859.87782E-3	263.02863E-6	-2.3754002E-12	13.451607E-15
227.49996E-12	3.2905074E-12	600.00002E-3	-3.9772890E-3	102.94773E-12	-896.61437E-3	297.84959E-6	-2.3690258E-12	40.411142E-15
224.99996E-12	3.3494318E-12	600.00002E-3	-197.34263E-6	103.14425E-12	-917.27012E-3	273.84871E-6	-2.3462419E-12	29.835323E-15
222.49996E-12	3.3978714E-12	600.00002E-3	-1.5771006E-3	102.92717E-12	-881.16664E-3	310.69256E-6	-2.3714808E-12	26.264195E-15
219.99996E-12	3.4469680E-12	600.00002E-3	2.2564551E-3	102.71898E-12	-887.11399E-3	306.97681E-6	-2.3759935E-12	29.242491E-15
217.49996E-12	3.5094969E-12	600.00002E-3	565.97410E-6	103.02118E-12	-883.47542E-3	286.81697E-6	-2.3632398E-12	-3.5707445E-15
214.99996E-12	3.5710779E-12	600.00002E-3	1.3398171E-3	102.83709E-12	-868.20197E-3	310.08877E-6	-2.3577145E-12	9.0619659E-15
212.49996E-12	3.6440516E-12	600.00002E-3	-2.6357542E-3	102.77242E-12	-895.04838E-3	311.82921E-6	-2.3866306E-12	-168.07487E-18
209.99996E-12	3.7116434E-12	600.00002E-3	1.2530840E-3	103.04488E-12	-909.91247E-3	292.05921E-6	-2.3711658E-12	-3.5968098E-15
207.49996E-12	3.7953625E-12	600.00002E-3	346.15013E-6	103.13878E-12	-903.56070E-3	279.83988E-6	-2.3531231E-12	1.1087292E-15
204.99996E-12	3.8653312E-12	600.00002E-3	-4.2685578E-3	102.91692E-12	-920.23051E-3	284.97633E-6	-2.3846355E-12	20.821000E-15
202.49996E-12	3.9597900E-12	600.00002E-3	3.4830936E-3	103.07935E-12	-906.51762E-3	284.95674E-6	-2.3567127E-12	10.218984E-15
199.99996E-12	4.0365619E-12	600.00002E-3	-3.3871511E-3	102.96071E-12	-919.35241E-3	292.63480E-6	-2.3606360E-12	18.363217E-15
197.49996E-12	4.1380957E-12	600.00002E-3	2.8820862E-3	103.22801E-12	-936.64300E-3	278.14807E-6	-2.3554403E-12	6.1168870E-15
194.99996E-12	4.2266321E-12	600.00002E-3	-3.1627275E-3	103.07197E-12	-935.22352E-3	297.29315E-6	-2.3609840E-12	25.624076E-15
192.49996E-12	4.3381661E-12	600.00002E-3	-420.43615E-6	102.91572E-12	-919.46971E-3	289.29446E-6	-2.3710647E-12	41.502453E-15
189.99996E-12	4.4342199E-12	600.00002E-3	1.3442792E-3	102.77944E-12	-908.60212E-3	316.23608E-6	-2.3733257E-12	6.4058247E-15
187.49996E-12	4.5572140E-12	600.00002E-3	-878.64092E-6	103.13836E-12	-932.53309E-3	288.35514E-6	-2.3661886E-12	7.5041766E-15
184.99996E-12	4.6714395E-12	600.00002E-3	1.7815452E-3	102.99309E-12	-920.81296E-3	289.21565E-6	-2.3684700E-12	15.608407E-15
182.49996E-12	4.8081101E-12	600.00002E-3	-842.89792E-6	103.32115E-12	-938.44718E-3	257.19439E-6	-2.3748965E-12	1.9169726E-15
179.99996E-12	4.9545285E-12	600.00002E-3	-1.8566350E-3	103.22513E-12	-946.79838E-3	288.75386E-6	-2.3531953E-12	7.8777444E-15
177.49996E-12	5.0804682E-12	600.00002E-3	500.40951E-6	103.21396E-12	-918.27041E-3	289.48195E-6	-2.3499371E-12	26.083627E-15
174.99996E-12	5.2391386E-12	600.00002E-3	-354.28614E-6	103.11490E-12	-945.99706E-3	285.13535E-6	-2.3592137E-12	5.6392396E-15
172.49996E-12	5.3920922E-12	600.00002E-3	6.1431569E-3	102.92289E-12	-907.90969E-3	280.00321E-6	-2.3497820E-12	2.1889498E-15
169.99996E-12	5.5524999E-12	600.00002E-3	-6.1262143E-3	102.74287E-12	-969.51729E-3	319.10071E-6	-2.3396066E-12	41.084415E-15
167.49996E-12	5.7613697E-12	600.00002E-3	327.82435E-6	103.16528E-12	-946.81120E-3	281.07667E-6	-2.3728268E-12	24.925396E-15
164.99996E-12	5.9362714E-12	600.00002E-3	-1.8097876E-3	103.03983E-12	-943.63600E-3	289.42904E-6	-2.3697596E-12	-160.08655E-18
162.49996E-12	6.1314998E-12	600.00002E-3	4.1261064E-3	103.13711E-12	-955.76870E-3	278.52473E-6	-2.3667333E-12	23.043804E-15
159.99996E-12	6.3380703E-12	600.00002E-3	-1.8809751E-3	102.97746E-12	-955.18357E-3	288.90366E-6	-2.3619719E-12	28.963766E-15
157.49996E-12	6.5588828E-12	600.00002E-3	2.2240852E-3	102.97549E-12	-972.36407E-3	300.51294E-6	-2.3602370E-12	13.156294E-15
154.99996E-12	6.7970538E-12	600.00002E-3	-301.73449E-6	102.98454E-12	-964.98781E-3	300.30039E-6	-2.3594549E-12	973.35743E-18
152.49996E-12	7.0334489E-12	600.00002E-3	-3.0306247E-3	102.96591E-12	-972.54544E-3	305.73268E-6	-2.3732951E-12	34.676780E-15
149.99996E-12	7.3179830E-12	600.00002E-3	-1.7910340E-3	103.11017E-12	-988.76476E-3	280.07929E-6	-2.3519717E-12	10.601893E-15
147.49996E-12	7.6133050E-12	600.00002E-3	1.4517891E-3	103.30750E-12	-970.15327E-3	265.36983E-6	-2.3806295E-12	35.918266E-15
144.99996E-12	7.8810933E-12	600.00002E-3	1.9453700E-3	103.19762E-12	-945.29086E-3	274.00735E-6	-2.3548019E-12	18.226064E-15
142.49996E-12	8.1760180E-12	600.00002E-3	2.2923178E-3	103.09183E-12	-967.55522E-3	286.33192E-6	-2.3671167E-12	26.163709E-15
139.99996E-12	15.800170E-12	600.00002E-3	-6.0326168E-3	102.88224E-12	-1.1100621E+0	292.95307E-6	-2.3586029E-12	106.94916E-15
137.49996E-12	8.8671084E-12	600.00002E-3	3.9262990E-3	103.11799E-12	-1.0206450E+0	282.94665E-6	-2.3745994E-12	24.595726E-15
134.99996E-12	9.2065886E-12	600.00002E-3	1.3595731E-3	103.05562E-12	-988.64311E-3	286.03946E-6	-2.3590797E-12	26.678370E-15
132.49996E-12	9.6039557E-12	600.00002E-3	-960.17186E-6	103.21047E-12	-1.0245439E+0	279.40969E-6	-2.3591385E-12	27.223849E-15
129.99996E-12	9.9983416E-12	600.00002E-3	-2.3932755E-3	102.71290E-12	-1.0259285E+0	332.05887E-6	-2.3742809E-12	34.561580E-15
127.49996E-12	10.419488E-12	600.00002E-3	-1.3433165E-3	102.88348E-12	-1.0187173E+0	286.61650E-6	-2.3666488E-12	39.637598E-15
124.99995E-12	10.883238E-12	600.00002E-3	-519.33661E-6	103.13293E-12	-1.0056062E+0	275.29959E-6	-2.3673075E-12	31.491780E-15
122.49995E-12	11.403119E-12	600.00002E-3	814.77966E-6	103.24808E-12	-1.0215418E+0	261.67772E-6	-2.3662355E-12	38.757900E-15
119.99995E-12	12.044593E-12	600.00002E-3	781.73814E-6	103.54233E-12	-1.0230172E+0	243.21947E-6	-2.3676310E-12	22.011608E-15
117.49995E-12	12.361855E-12	600.00002E-3	3.7234849E-3	102.86592E-12	-1.0233893E+0	305.00256E-6	-2.3668322E-12	24.028549E-15
114.99995E-12	12.897386E-12	600.00002E-3	-3.4385771E-3	102.85235E-12	-1.0521129E+0	298.96540E-6	-2.3447526E-12	29.017102E-15
112.49995E-12	13.539744E-12	600.00002E-3	-87.050881E-6	103.23033E-12	-1.0326184E+0	274.46207E-6	-2.3755529E-12	39.814425E-15
109.99995E-12	14.159316E-12	600.00002E-3	-2.1681786E-3	102.99546E-12	-1.0538810E+0	281.21311E-6	-2.3710580E-12	23.927773E-15
107.49995E-12	14.790766E-12	600.00002E-3	-672.52404E-6	102.95476E-12	-1.0517827E+0	308.28250E-6	-2.3721702E-12	35.795307E-15
104.99995E-12	15.487580E-12	600.00002E-3	-2.5645741E-3	103.07811E-12	-1.0547860E+0	287.72219E-6	-2.3517889E-12	30.274394E-15
102.49995E-12	16.280696E-12	600.00002E-3	-2.3525518E-3	103.29865E-12	-1.0935776E+0	255.11975E-6	-2.3689247E-12	41.105127E-15
99.999953E-12	17.115739E-12	600.00002E-3	3.3016733E-3	103.38765E-12	-1.0678192E+0	263.34453E-6	-2.3718015E-12	40.037845E-15
97.499953E-12	17.771914E-12	600.00002E-3	-5.3226119E-3	103.01621E-12	-1.0680919E+0	298.92439E-6	-2.3624217E-12	31.450252E-15
94.999952E-12	18.642195E-12	600.00002E-3	43.917600E-6	102.91031E-12	-1.0814393E+0	287.46945E-6	-2.3540044E-12	36.129618E-15
92.499952E-12	19.611665E-12	600.00002E-3	2.3855288E-3	103.13133E-12	-1.0688713E+0	280.88901E-6	-2.3469985E-12	31.284267E-15
89.999952E-12	20.509146E-12	600.00002E-3	-4.0463475E-3	102.93583E-12	-1.0991606E+0	277.49105E-6	-2.3412700E-12	47.816965E-15
87.499952E-12	21.596024E-12	600.00002E-3	3.2019194E-3	103.16106E-12	-1.0745189E+0	267.13478E-6	-2.3490120E-12	65.296096E-15
84.999952E-12	22.694756E-12	600.00002E-3	-3.1428291E-3	103.19257E-12	-1.1015022E+0	281.90893E-6	-2.3606022E-12	41.108779E-15
82.499951E-12	23.831806E-12	600.00002E-3	263.25783E-6	103.19860E-12	-1.0963798E+0	274.19560E-6	-2.3561619E-12	59.652268E-15
79.999951E-12	24.950939E-12	600.00002E-3	1.5840558E-3	102.95496E-12	-1.1260782E+0	305.56493E-6	-2.3653540E-12	51.257057E-15
77.499951E-12	26.301650E-12	600.00002E-3	2.1317182E-3	103.29135E-12	-1.0779142E+0	275.50754E-6	-2.3695156E-12	68.963464E-15
74.999951E-12	27.526507E-12	600.00002E-3	2.7348706E-3	103.01208E-12	-1.0920224E+0	282.71109E-6	-2.3558677E-12	66.260331E-15
72.499950E-12	28.975914E-12	600.00002E-3	-1.4103514E-3	103.33595E-12	-1.1127414E+0	263.67593E-6	-2.3531066E-12	56.730137E-15
69.999950E-12	30.330238E-12	600.00002E-3	-5.2413181E-3	102.93302E-12	-1.1603198E+0	302.44261E-6	-2.3714652E-12	65.863954E-15
67.500006E-12	32.061520E-12	600.00002E-3	4.2382795E-3	103.41680E-12	-1.1203582E+0	249.89256E-6	-2.3763168E-12	76.816083E-15
65.000005E-12	33.614975E-12	600.00002E-3	-3.6540718E-3	102.96237E-12	-1.1564702E+0	281.94214E-6	-2.3578930E-12	80.372802E-15
62.500005E-12	35.317919E-12	600.00002E-3	2.3041053E-3	103.08356E-12	-1.1603781E+0	272.76791E-6	-2.3581530E-12	65.953238E-15
60.000005E-12	37.110304E-12	600.00002E-3	1.0356357E-3	102.98171E-12	-1.1565659E+0	294.29127E-6	-2.3512611E-12	73.030652E-15
57.500005E-12	39.261448E-12	600.00002E-3	3.8542678E-3	103.56188E-12	-1.1621614E+0	234.01325E-6	-2.3517353E-12	74.290197E-15
55.000005E-12	41.111625E-12	600.00002E-3	-8.4573394E-3	103.05141E-12	-1.2006737E+0	270.54624E-6	-2.3346954E-12	82.820774E-15
52.500004E-12	43.483519E-12	600.00002E-3	3.3292067E-3	103.25761E-12	-1.1614252E+0	268.42242E-6	-2.3638433E-12	65.504656E-15
50.000004E-12	45.596766E-12	600.00002E-3	-189.25735E-6	103.04905E-12	-1.1890008E+0	277.41346E-6	-2.3634480E-12	84.197528E-15
47.500004E-12	48.021920E-12	600.00002E-3	-4.1728173E-3	103.05536E-12	-1.2237872E+0	273.92953E-6	-2.3566624E-12	98.349477E-15
45.000004E-12	50.452104E-12	600.00002E-3	3.0381398E-3	103.01103E-12	-1.1792022E+0	301.21015E-6	-2.3511074E-12	112.07045E-15
42.500004E-12	53.090220E-12	600.00002E-3	2.0443457E-3	102.91017E-12	-1.1785979E+0	310.92763E-6	-2.3555593E-12	116.35659E-15
40.000003E-12	58.823536E-12	600.00002E-3	-2.4273396E-3	103.09709E-12	-1.2285047E+0	282.83679E-6	-2.3710101E-12	151.28519E-15
37.500003E-12	63.227180E-12	600.00002E-3	1.9710925E-3	103.10047E-12	-1.2210414E+0	284.41957E-6	-2.3199428E-12	164.04661E-15
35.000003E-12	61.812944E-12	600.00002E-3	-2.9547124E-3	102.86098E-12	-1.2258075E+0	313.79514E-6	-2.3578938E-12	139.25021E-15
32.500003E-12	65.359176E-12	600.00002E-3	3.6124724E-3	102.82920E-12	-1.2207968E+0	295.18126E-6	-2.3511017E-12	130.10620E-15
30.000002E-12	68.806197E-12	600.00002E-3	-785.91629E-6	102.92366E-12	-1.2280875E+0	291.14113E-6	-2.3493581E-12	135.30583E-15
27.500002E-12	72.733777E-12	600.00002E-3	1.2708256E-3	102.81567E-12	-1.2246025E+0	300.45726E-6	-2.3438710E-12	142.39689E-15
25.000002E-12	76.460761E-12	600.00002E-3	-507.91516E-6	103.07467E-12	-1.2615175E+0	281.40712E-6	-2.3609227E-12	160.10023E-15
22.500002E-12	82.157392E-12	600.00002E-3	2.3358352E-3	103.08448E-12	-1.2588626E+0	285.60928E-6	-2.3289925E-12	142.97949E-15
20.000002E-12	85.427915E-12	600.00002E-3	-1.9361200E-3	103.38272E-12	-1.2641430E+0	249.07305E-6	-2.3586816E-12	193.13022E-15
17.500001E-12	103.81036E-12	600.00002E-3	-2.9714976E-3	102.84077E-12	-1.2637142E+0	307.94457E-6	-2.3633727E-12	313.90057E-15
15.000001E-12	94.170539E-12	600.00002E-3	-3.6643459E-3	102.92046E-12	-1.2963606E+0	303.12859E-6	-2.3517486E-12	178.72491E-15
12.500001E-12	100.64326E-12	600.00002E-3	-1.2989182E-3	102.97557E-12	-1.2771082E+0	293.76626E-6	-2.3557176E-12	212.34573E-15
10.000001E-12	104.54893E-12	600.00002E-3	2.4605463E-3	103.23920E-12	-1.2626505E+0	280.95834E-6	-2.3541202E-12	231.61694E-15
7.5000006E-12	110.24186E-12	600.00002E-3	-7.6807598E-3	102.96813E-12	-1.3338977E+0	291.46235E-6	-2.3632613E-12	215.56408E-15
5.0000004E-12	122.27569E-12	600.00002E-3	1.5624303E-3	103.28030E-12	-1.3165526E+0	269.29603E-6	-2.3424910E-12	338.48887E-15
2.5000002E-12	122.53389E-12	600.00002E-3	286.84715E-6	103.10376E-12	-1.3157306E+0	279.82466E-6	-2.3391705E-12	256.75620E-15
0.0000000E+0	129.50989E-12	600.00002E-3	1.4432897E-3	103.16289E-12	-1.3068086E+0	265.29742E-6	-2.3645510E-12	270.33679E-15
