Experiment	Z spectroscopy	
Saved Date	24.08.2024 21:17:11	
User		
Date		
X (m)	356.068E-9	
Y (m)	-268.571E-9	
Z (m)	-70.16E-9	
Z offset (m)	1E-9	
Z sweep distance (m)	1E-9	
Settling time (s)	50E-3	
Integration time (s)	700E-3	
Final Z (m)	N/A	
Start time	24.08.2024 21:12:09	
Filter type	None	
Order		
Cutoff frq		

[DATA]
Z rel (m)	Current (A)	Bias (V)	OC D1 Phase (deg)	OC D1 Amplitude (m)	OC M1 Freq. Shift (Hz)	OC M1 Excitation (V)	LI Demod 1 X (A)	LI Demod 1 Y (A)
999.99997E-12	3.9271524E-12	600.00002E-3	3.5411750E-3	103.04423E-12	-552.85770E-3	288.79923E-6	-2.3413686E-12	26.580848E-15
997.49997E-12	3.8715693E-12	600.00002E-3	3.7496737E-3	102.98744E-12	-517.55488E-3	285.12799E-6	-2.3549968E-12	10.643270E-15
994.99997E-12	3.8308961E-12	600.00002E-3	378.18405E-6	102.86516E-12	-541.66120E-3	308.87249E-6	-2.3521374E-12	23.526074E-15
992.49997E-12	3.7977338E-12	600.00002E-3	1.7510584E-3	103.25570E-12	-538.11485E-3	267.45579E-6	-2.3697828E-12	9.8931068E-15
989.99997E-12	3.7646336E-12	600.00002E-3	-722.89578E-6	103.07227E-12	-543.54227E-3	288.60022E-6	-2.3564048E-12	15.874019E-15
987.49997E-12	3.7349889E-12	600.00002E-3	2.1766808E-3	103.17301E-12	-515.42830E-3	275.62087E-6	-2.3474530E-12	9.0163354E-15
984.99997E-12	3.7141939E-12	600.00002E-3	-5.5585625E-3	103.02598E-12	-562.68764E-3	288.97601E-6	-2.3586148E-12	19.925310E-15
982.49997E-12	3.6918255E-12	600.00002E-3	-245.11042E-6	103.13851E-12	-531.17007E-3	277.50735E-6	-2.3573808E-12	23.762808E-15
979.99997E-12	3.6609366E-12	600.00002E-3	2.7429361E-3	102.98663E-12	-523.43875E-3	299.30522E-6	-2.3544504E-12	21.849442E-15
977.49997E-12	3.6446306E-12	600.00002E-3	-1.0284533E-3	102.83820E-12	-540.92157E-3	306.39843E-6	-2.3563092E-12	16.717796E-15
974.99997E-12	3.6269705E-12	600.00002E-3	-1.6920711E-3	102.89461E-12	-567.38353E-3	308.20421E-6	-2.3573511E-12	6.3933733E-15
972.49997E-12	3.5998600E-12	600.00002E-3	270.76493E-6	103.22861E-12	-543.20264E-3	283.03519E-6	-2.3455964E-12	7.1106857E-15
969.99997E-12	3.5920553E-12	600.00002E-3	3.2167369E-3	102.95077E-12	-530.47287E-3	297.30084E-6	-2.3652824E-12	19.738107E-15
967.49997E-12	3.5726476E-12	600.00002E-3	1.3947889E-3	102.88950E-12	-515.84888E-3	303.77353E-6	-2.3502695E-12	20.842023E-15
964.99997E-12	3.5555382E-12	600.00002E-3	-6.2136054E-3	102.81240E-12	-571.03056E-3	304.07743E-6	-2.3576284E-12	15.548752E-15
962.49997E-12	3.5375231E-12	600.00002E-3	-1.9818854E-3	103.07374E-12	-551.45824E-3	282.41210E-6	-2.3546260E-12	29.092864E-15
959.99997E-12	3.5303199E-12	600.00002E-3	8.2564326E-3	103.09727E-12	-518.08059E-3	272.89306E-6	-2.3687777E-12	-3.9772889E-15
957.49997E-12	3.5125626E-12	600.00002E-3	1.0971042E-3	103.15345E-12	-538.66720E-3	282.17986E-6	-2.3623503E-12	16.865803E-15
954.99997E-12	3.4920209E-12	600.00002E-3	-668.36411E-6	103.12978E-12	-512.09903E-3	289.98166E-6	-2.3572630E-12	20.816104E-15
952.49997E-12	3.4914853E-12	600.00002E-3	1.4489179E-3	102.96582E-12	-550.33720E-3	296.93052E-6	-2.3375490E-12	34.896782E-15
949.99997E-12	3.4661599E-12	600.00002E-3	-87.024811E-6	103.28732E-12	-554.16179E-3	261.00717E-6	-2.3518878E-12	34.928234E-15
947.49997E-12	3.4585178E-12	600.00002E-3	33.936361E-6	103.10230E-12	-535.36379E-3	278.20945E-6	-2.3570377E-12	21.542040E-15
944.99997E-12	3.4455791E-12	600.00002E-3	-4.5217755E-3	103.23086E-12	-547.07092E-3	267.45797E-6	-2.3689915E-12	14.778285E-15
942.49997E-12	3.4307863E-12	600.00002E-3	318.61107E-6	102.98933E-12	-532.54527E-3	293.87858E-6	-2.3444502E-12	9.1568700E-15
939.99997E-12	3.4198215E-12	600.00002E-3	1.1022021E-3	103.09909E-12	-523.85288E-3	288.75866E-6	-2.3452646E-12	34.855338E-15
937.49997E-12	3.4113639E-12	600.00002E-3	2.7022557E-3	103.06885E-12	-530.78955E-3	291.31662E-6	-2.3561045E-12	15.742795E-15
934.99997E-12	3.3965964E-12	600.00002E-3	-2.7033335E-3	103.02111E-12	-555.80622E-3	283.46019E-6	-2.3465160E-12	16.236217E-15
932.49997E-12	3.3841207E-12	600.00002E-3	-927.44315E-6	103.16319E-12	-548.32119E-3	272.88153E-6	-2.3467307E-12	11.718087E-15
929.99997E-12	3.3751916E-12	600.00002E-3	440.97455E-6	103.03894E-12	-520.67935E-3	289.06795E-6	-2.3600293E-12	-359.53875E-18
927.49997E-12	3.3619422E-12	600.00002E-3	-2.0099294E-3	102.84881E-12	-553.96008E-3	296.81443E-6	-2.3642110E-12	10.518079E-15
924.99997E-12	3.3514996E-12	600.00002E-3	-1.0444848E-3	103.15192E-12	-548.86556E-3	285.44251E-6	-2.3453908E-12	38.099752E-15
922.49997E-12	3.3369429E-12	600.00002E-3	4.9815467E-3	102.98100E-12	-523.71132E-3	285.49935E-6	-2.3484712E-12	10.290407E-15
919.99997E-12	3.3294827E-12	600.00002E-3	-1.0202627E-3	102.83123E-12	-562.91074E-3	305.53711E-6	-2.3688618E-12	15.328809E-15
917.49996E-12	3.3206788E-12	600.00002E-3	-1.9922249E-3	102.56609E-12	-563.32141E-3	340.40364E-6	-2.3557844E-12	25.807781E-15
914.99996E-12	3.3118124E-12	600.00002E-3	-144.01367E-6	102.96273E-12	-560.04184E-3	308.47985E-6	-2.3530301E-12	33.668784E-15
912.49996E-12	3.3040634E-12	600.00002E-3	602.39743E-6	103.02068E-12	-531.75265E-3	282.50183E-6	-2.3379879E-12	24.281887E-15
909.99996E-12	3.2940560E-12	600.00002E-3	2.7131841E-3	103.38653E-12	-539.85703E-3	260.47611E-6	-2.3446867E-12	30.428391E-15
907.49996E-12	3.2828785E-12	600.00002E-3	-246.74341E-6	102.86216E-12	-565.61536E-3	298.05317E-6	-2.3640671E-12	23.577714E-15
904.99996E-12	3.2763113E-12	600.00002E-3	-288.61332E-6	102.94321E-12	-528.67055E-3	283.89369E-6	-2.3515406E-12	31.869960E-15
902.49996E-12	3.2684391E-12	600.00002E-3	-3.0784039E-3	103.01780E-12	-556.84203E-3	293.42747E-6	-2.3568422E-12	20.984289E-15
899.99996E-12	3.2547790E-12	600.00002E-3	3.1428065E-3	102.96581E-12	-548.25348E-3	294.96898E-6	-2.3584173E-12	24.095617E-15
897.49996E-12	3.2478948E-12	600.00002E-3	1.7586804E-3	102.96537E-12	-543.56027E-3	301.09641E-6	-2.3464464E-12	17.594723E-15
894.99996E-12	3.2428114E-12	600.00002E-3	-791.41586E-6	102.86983E-12	-568.25727E-3	303.84783E-6	-2.3299101E-12	14.647953E-15
892.49996E-12	3.2318273E-12	600.00002E-3	-3.0619157E-3	103.24105E-12	-577.34907E-3	261.64044E-6	-2.3476351E-12	23.809303E-15
889.99996E-12	3.2259675E-12	600.00002E-3	-882.74165E-6	102.84507E-12	-534.67238E-3	297.47264E-6	-2.3592287E-12	27.572229E-15
887.49996E-12	3.2189629E-12	600.00002E-3	1.0426565E-3	103.08296E-12	-542.97173E-3	290.85646E-6	-2.3561890E-12	11.824903E-15
884.99996E-12	3.2126027E-12	600.00002E-3	-1.9270944E-3	103.15571E-12	-570.39928E-3	280.14689E-6	-2.3491218E-12	-6.7292300E-15
882.49996E-12	3.2028089E-12	600.00002E-3	498.60711E-6	102.99368E-12	-557.67542E-3	294.41464E-6	-2.3467346E-12	14.918127E-15
879.99996E-12	3.1968701E-12	600.00002E-3	-317.48883E-6	102.79783E-12	-572.74032E-3	306.97184E-6	-2.3748490E-12	37.073395E-15
877.49996E-12	3.1888476E-12	600.00002E-3	-242.59332E-6	102.97449E-12	-565.46718E-3	285.01361E-6	-2.3501745E-12	37.713773E-15
874.99996E-12	3.1835771E-12	600.00002E-3	2.8137974E-3	102.85271E-12	-551.59092E-3	315.08299E-6	-2.3597114E-12	8.2898894E-15
872.49996E-12	3.1753324E-12	600.00002E-3	-4.3644267E-3	103.15543E-12	-588.21076E-3	269.76847E-6	-2.3487972E-12	43.150897E-15
869.99996E-12	3.1651528E-12	600.00002E-3	2.4772168E-3	102.96183E-12	-538.46514E-3	292.00487E-6	-2.3538472E-12	21.463476E-15
867.49996E-12	3.1595455E-12	600.00002E-3	-1.6608669E-3	102.59228E-12	-566.24269E-3	320.58189E-6	-2.3562523E-12	12.712669E-15
864.99996E-12	3.1545875E-12	600.00002E-3	-1.1613664E-3	103.06745E-12	-552.49608E-3	280.99201E-6	-2.3649179E-12	5.6755549E-15
862.49996E-12	3.1468777E-12	600.00002E-3	233.26819E-6	103.04336E-12	-559.60435E-3	293.88166E-6	-2.3660923E-12	7.9232097E-15
859.99996E-12	3.1383845E-12	600.00002E-3	-1.9918608E-3	103.09589E-12	-551.13912E-3	272.37021E-6	-2.3599278E-12	4.6481005E-15
857.49996E-12	3.1351586E-12	600.00002E-3	-4.4557536E-3	102.72419E-12	-561.20384E-3	319.15942E-6	-2.3905873E-12	6.9833614E-15
854.99996E-12	3.1244946E-12	600.00002E-3	8.2593365E-3	103.19526E-12	-529.31231E-3	271.33926E-6	-2.3573860E-12	17.374773E-15
852.49996E-12	3.1152635E-12	600.00002E-3	-2.5305238E-3	102.89412E-12	-576.01786E-3	294.53222E-6	-2.3654197E-12	19.195611E-15
849.99996E-12	3.1118697E-12	600.00002E-3	-356.36881E-6	102.98834E-12	-542.26792E-3	279.33627E-6	-2.3744223E-12	19.320254E-15
847.49996E-12	3.1062104E-12	600.00002E-3	-1.2738699E-3	102.97462E-12	-555.12208E-3	291.93645E-6	-2.3447396E-12	-1.9651798E-15
844.99996E-12	3.0959801E-12	600.00002E-3	461.67517E-6	103.29970E-12	-574.17333E-3	272.69480E-6	-2.3723092E-12	33.197054E-15
842.49996E-12	3.0935011E-12	600.00002E-3	-3.9369785E-3	103.02306E-12	-549.97104E-3	301.66202E-6	-2.3797592E-12	8.1716225E-15
839.99996E-12	3.0888501E-12	600.00002E-3	4.0188525E-3	103.31799E-12	-538.38092E-3	267.39686E-6	-2.3796880E-12	1.2040889E-15
837.49996E-12	3.0833018E-12	600.00002E-3	-29.070388E-6	103.14412E-12	-541.76694E-3	270.38544E-6	-2.3616614E-12	12.592252E-15
834.99996E-12	3.0751812E-12	600.00002E-3	-6.8191309E-3	103.02970E-12	-570.85973E-3	284.02515E-6	-2.3652256E-12	1.7762153E-15
832.49996E-12	3.0687139E-12	600.00002E-3	-831.72112E-6	103.18820E-12	-553.19917E-3	277.84164E-6	-2.3493265E-12	20.783553E-15
829.99996E-12	3.0631929E-12	600.00002E-3	300.52074E-6	103.10926E-12	-559.61168E-3	276.80781E-6	-2.3488249E-12	17.539161E-15
827.49996E-12	3.0544508E-12	600.00002E-3	272.37090E-6	102.84957E-12	-561.63931E-3	301.23405E-6	-2.3615203E-12	4.9936895E-15
824.99996E-12	3.0542817E-12	600.00002E-3	-1.8830402E-3	103.17892E-12	-556.02884E-3	284.36471E-6	-2.3506295E-12	30.531184E-15
822.49996E-12	3.0437298E-12	600.00002E-3	732.98014E-6	103.23538E-12	-556.58561E-3	257.33749E-6	-2.3584966E-12	-693.12484E-18
819.99996E-12	3.0415633E-12	600.00002E-3	-4.4744825E-3	102.91059E-12	-576.35522E-3	289.01646E-6	-2.3596210E-12	9.4935427E-15
817.49996E-12	3.0360729E-12	600.00002E-3	278.87948E-6	103.19395E-12	-573.26210E-3	279.96019E-6	-2.3667090E-12	33.281331E-15
814.99996E-12	3.0341996E-12	600.00002E-3	5.1350226E-3	102.98682E-12	-548.61146E-3	291.47827E-6	-2.3672678E-12	2.4583433E-15
812.49996E-12	3.0276289E-12	600.00002E-3	1.2494955E-3	102.84689E-12	-573.43942E-3	301.59095E-6	-2.3629412E-12	11.200925E-15
809.99996E-12	3.0221459E-12	600.00002E-3	-7.1902461E-3	102.91912E-12	-582.80540E-3	292.31599E-6	-2.3501741E-12	9.7637589E-15
807.49996E-12	3.0142614E-12	600.00002E-3	5.0590779E-3	102.87039E-12	-546.88424E-3	315.46314E-6	-2.3585604E-12	11.723160E-15
804.99996E-12	3.0086146E-12	600.00002E-3	3.9053110E-3	103.04318E-12	-562.29633E-3	303.14908E-6	-2.3633996E-12	22.019514E-15
802.49996E-12	3.0101928E-12	600.00002E-3	-2.7554347E-3	103.11692E-12	-569.84079E-3	274.25267E-6	-2.3557753E-12	18.618523E-15
799.99996E-12	3.0023022E-12	600.00002E-3	-600.50038E-6	103.22139E-12	-543.90597E-3	280.88526E-6	-2.3762247E-12	5.3948951E-15
797.49995E-12	2.9949517E-12	600.00002E-3	1.9677407E-3	102.96757E-12	-575.36745E-3	285.08436E-6	-2.3819291E-12	3.0703545E-15
794.99995E-12	2.9937504E-12	600.00002E-3	89.444009E-6	102.96838E-12	-567.17306E-3	284.88942E-6	-2.3478212E-12	9.5176095E-15
792.49995E-12	2.9858663E-12	600.00002E-3	-2.0444302E-3	103.06704E-12	-590.30342E-3	282.19260E-6	-2.3603836E-12	23.522246E-15
789.99995E-12	2.9799295E-12	600.00002E-3	-6.7272484E-3	102.83357E-12	-602.92387E-3	313.19482E-6	-2.3595626E-12	20.885432E-15
787.49995E-12	2.9731603E-12	600.00002E-3	6.7094527E-3	102.88567E-12	-529.64914E-3	304.87753E-6	-2.3498284E-12	-10.929718E-15
784.99995E-12	2.9684920E-12	600.00002E-3	1.3258384E-3	102.76659E-12	-564.59850E-3	329.44969E-6	-2.3545105E-12	9.4912583E-15
782.49995E-12	2.9636057E-12	600.00002E-3	-1.8246496E-3	102.93010E-12	-598.33992E-3	290.48068E-6	-2.3678108E-12	12.156694E-15
779.99995E-12	2.9580643E-12	600.00002E-3	-300.66076E-6	103.01661E-12	-556.26488E-3	284.63415E-6	-2.3576885E-12	16.913547E-15
777.49995E-12	2.9562936E-12	600.00002E-3	1.7164762E-3	102.98036E-12	-571.40148E-3	288.08069E-6	-2.3722677E-12	11.733293E-15
774.99995E-12	2.9520501E-12	600.00002E-3	-176.97559E-6	103.01722E-12	-564.47166E-3	293.24373E-6	-2.3656879E-12	3.0083925E-15
772.49995E-12	2.9457693E-12	600.00002E-3	4.3225074E-3	102.86243E-12	-552.22946E-3	306.20053E-6	-2.3608071E-12	27.828520E-15
769.99995E-12	2.9433253E-12	600.00002E-3	-4.9119173E-3	102.99319E-12	-572.79855E-3	286.06399E-6	-2.3592226E-12	4.5463858E-15
767.49995E-12	2.9397960E-12	600.00002E-3	5.5931811E-3	103.07007E-12	-553.64543E-3	288.78322E-6	-2.3542821E-12	22.898280E-15
764.99995E-12	2.9348529E-12	600.00002E-3	2.5160506E-3	103.03583E-12	-578.57758E-3	290.47785E-6	-2.3641716E-12	18.738454E-15
762.49995E-12	2.9295188E-12	600.00002E-3	-1.2709284E-3	103.16169E-12	-591.91191E-3	265.46940E-6	-2.3508775E-12	7.0206627E-15
759.99995E-12	2.9264011E-12	600.00002E-3	-307.27460E-6	103.06428E-12	-559.72236E-3	283.00748E-6	-2.3559685E-12	18.693655E-15
757.49995E-12	2.9213695E-12	600.00002E-3	1.6152321E-3	103.36679E-12	-573.95327E-3	272.06098E-6	-2.3499713E-12	18.797084E-15
754.99995E-12	2.9188826E-12	600.00002E-3	-1.4261471E-3	103.18325E-12	-588.80156E-3	269.31285E-6	-2.3541256E-12	13.536764E-15
752.49995E-12	2.9129609E-12	600.00002E-3	2.8732345E-3	102.80475E-12	-547.29187E-3	302.24555E-6	-2.3624065E-12	18.986598E-15
749.99995E-12	2.9109382E-12	600.00002E-3	-317.46650E-6	103.12355E-12	-580.54370E-3	281.53008E-6	-2.3650266E-12	30.747255E-15
747.49995E-12	2.9091976E-12	600.00002E-3	-1.1916081E-3	102.99139E-12	-583.85611E-3	307.43185E-6	-2.3732943E-12	9.6731103E-15
744.99995E-12	2.9038310E-12	600.00002E-3	3.0433845E-3	102.87308E-12	-563.04395E-3	305.25916E-6	-2.3543567E-12	18.845524E-15
742.49995E-12	2.8937512E-12	600.00002E-3	-2.4696360E-3	102.97378E-12	-568.94982E-3	286.45768E-6	-2.3493774E-12	17.990085E-15
739.99995E-12	2.8973325E-12	600.00002E-3	-1.5984458E-3	102.79968E-12	-598.52839E-3	285.02996E-6	-2.3672880E-12	1.7141285E-15
737.49995E-12	2.8906020E-12	600.00002E-3	2.4257717E-3	102.72427E-12	-553.02924E-3	317.72477E-6	-2.3574662E-12	-694.22656E-18
734.99995E-12	2.8855462E-12	600.00002E-3	-246.53252E-6	102.87302E-12	-562.60586E-3	315.02961E-6	-2.3777042E-12	28.348580E-15
732.49995E-12	2.8842579E-12	600.00002E-3	-2.8464063E-3	102.84104E-12	-591.99756E-3	308.14382E-6	-2.3537541E-12	2.3981542E-15
729.99995E-12	2.8800469E-12	600.00002E-3	1.3712769E-3	102.73050E-12	-574.70596E-3	319.32577E-6	-2.3562409E-12	28.424803E-15
727.49995E-12	2.8700033E-12	600.00002E-3	-1.3640473E-3	102.98555E-12	-570.87171E-3	288.53651E-6	-2.3584511E-12	34.247687E-15
724.99995E-12	2.8703602E-12	600.00002E-3	955.18312E-6	102.91282E-12	-605.59630E-3	289.08972E-6	-2.3558772E-12	22.730443E-15
722.49995E-12	2.8740966E-12	600.00002E-3	-3.7819825E-3	102.92147E-12	-589.98382E-3	287.08999E-6	-2.3451735E-12	8.9745165E-15
719.99995E-12	2.8598354E-12	600.00002E-3	-189.69484E-6	102.85671E-12	-590.68710E-3	308.71085E-6	-2.3823545E-12	16.978633E-15
717.49995E-12	2.8598994E-12	600.00002E-3	5.1897829E-3	103.12583E-12	-577.18664E-3	277.88844E-6	-2.3460778E-12	22.421125E-15
714.99995E-12	2.8544079E-12	600.00002E-3	-5.7401699E-3	103.13423E-12	-605.01796E-3	285.66597E-6	-2.3649299E-12	27.581456E-15
712.49995E-12	2.8482026E-12	600.00002E-3	136.99636E-6	103.07059E-12	-587.87066E-3	290.86208E-6	-2.3608661E-12	31.111371E-15
709.99995E-12	2.8475473E-12	600.00002E-3	-144.12352E-6	103.03666E-12	-584.56862E-3	280.76739E-6	-2.3651875E-12	18.087763E-15
707.49995E-12	2.8441229E-12	600.00002E-3	-6.1303359E-3	102.98203E-12	-587.03262E-3	295.07675E-6	-2.3762717E-12	6.5116522E-15
704.99995E-12	2.8390680E-12	600.00002E-3	627.13027E-6	102.73588E-12	-572.34496E-3	310.82914E-6	-2.3779446E-12	18.691307E-15
702.49995E-12	2.8385243E-12	600.00002E-3	-2.1697772E-3	102.74972E-12	-587.55726E-3	322.79483E-6	-2.3538148E-12	29.435483E-15
699.99995E-12	2.8330910E-12	600.00002E-3	-1.4197847E-3	102.94327E-12	-606.32980E-3	295.82260E-6	-2.3700835E-12	11.691456E-15
697.49995E-12	2.8321093E-12	600.00002E-3	1.5524621E-3	102.75145E-12	-574.95475E-3	307.79323E-6	-2.3539317E-12	28.711605E-15
694.99995E-12	2.8264420E-12	600.00002E-3	-1.8948300E-3	102.87938E-12	-584.97137E-3	305.85792E-6	-2.3643617E-12	10.253577E-15
692.49995E-12	2.8245668E-12	600.00002E-3	554.69363E-6	103.13420E-12	-577.24333E-3	280.56095E-6	-2.3798916E-12	26.987100E-15
689.99995E-12	2.8213718E-12	600.00002E-3	-54.502816E-6	103.05228E-12	-599.70438E-3	289.07941E-6	-2.3601401E-12	6.0905586E-15
687.49995E-12	2.8143202E-12	600.00002E-3	-4.2061624E-3	102.89564E-12	-612.01209E-3	300.82325E-6	-2.3529327E-12	13.132473E-15
684.99995E-12	2.8122699E-12	600.00002E-3	629.86591E-6	102.66296E-12	-558.03859E-3	325.80446E-6	-2.3656125E-12	29.194854E-15
682.49995E-12	2.8091730E-12	600.00002E-3	-1.9268291E-3	102.95954E-12	-601.12685E-3	298.07069E-6	-2.3465034E-12	1.1121710E-15
679.99995E-12	2.8039040E-12	600.00002E-3	-3.9432626E-3	102.99175E-12	-584.41639E-3	293.23960E-6	-2.3437962E-12	20.331489E-15
677.49995E-12	2.8007460E-12	600.00002E-3	-1.5482509E-3	103.09211E-12	-588.24772E-3	276.54122E-6	-2.3383554E-12	12.218812E-15
674.99994E-12	2.8009348E-12	600.00002E-3	-4.5062769E-3	102.84890E-12	-594.13600E-3	305.78306E-6	-2.3570429E-12	22.117057E-15
672.49994E-12	2.7964942E-12	600.00002E-3	-7.9846187E-3	103.11921E-12	-601.17853E-3	291.00635E-6	-2.3679162E-12	11.282097E-15
669.99994E-12	2.7925824E-12	600.00002E-3	5.5225408E-3	103.36591E-12	-588.67192E-3	262.46859E-6	-2.3760395E-12	28.338785E-15
667.49994E-12	2.7962385E-12	600.00002E-3	-252.27660E-6	102.70305E-12	-586.98905E-3	326.75889E-6	-2.3694839E-12	24.317576E-15
664.99994E-12	2.7917473E-12	600.00002E-3	-2.5923885E-3	103.16821E-12	-600.30961E-3	284.24533E-6	-2.3537342E-12	2.7700493E-15
662.49994E-12	2.7859696E-12	600.00002E-3	-821.51737E-6	103.09082E-12	-629.09168E-3	295.58755E-6	-2.3700495E-12	27.197278E-15
659.99994E-12	2.7783450E-12	600.00002E-3	8.4101297E-3	103.15519E-12	-560.58043E-3	281.69341E-6	-2.3621385E-12	18.667471E-15
657.49994E-12	2.7770568E-12	600.00002E-3	-1.4690432E-3	103.01528E-12	-603.67918E-3	291.76028E-6	-2.3490732E-12	34.272224E-15
654.99994E-12	2.7764702E-12	600.00002E-3	528.82492E-6	103.06987E-12	-587.66210E-3	271.06327E-6	-2.3615396E-12	11.826600E-15
652.49994E-12	2.7736908E-12	600.00002E-3	-1.8936920E-3	102.96324E-12	-600.83753E-3	291.24372E-6	-2.3662992E-12	20.689647E-15
649.99994E-12	2.7706225E-12	600.00002E-3	334.93424E-6	102.94509E-12	-602.64266E-3	288.85168E-6	-2.3402259E-12	2.8748190E-15
647.49994E-12	2.7600650E-12	600.00002E-3	-1.7297188E-3	102.94911E-12	-617.94066E-3	287.61066E-6	-2.3689440E-12	-10.324744E-15
644.99994E-12	2.7603857E-12	600.00002E-3	-4.5294324E-3	103.16668E-12	-592.54241E-3	270.67549E-6	-2.3782556E-12	35.034523E-15
642.49994E-12	2.7596781E-12	600.00002E-3	1.5371034E-3	102.90128E-12	-586.48443E-3	296.53669E-6	-2.3565449E-12	20.332113E-15
639.99994E-12	2.7581680E-12	600.00002E-3	-1.6610062E-3	102.92759E-12	-591.66032E-3	300.42321E-6	-2.3588516E-12	24.217497E-15
637.49994E-12	2.7547339E-12	600.00002E-3	4.1241702E-3	103.06515E-12	-575.13821E-3	285.30837E-6	-2.3534629E-12	21.319753E-15
634.99994E-12	2.7551730E-12	600.00002E-3	-2.8383913E-3	103.23126E-12	-625.76759E-3	263.82587E-6	-2.3590966E-12	4.2020750E-15
632.49994E-12	2.7439310E-12	600.00002E-3	-133.67532E-6	103.09211E-12	-643.18323E-3	287.74643E-6	-2.3661294E-12	35.184732E-15
629.99994E-12	2.7429634E-12	600.00002E-3	28.785846E-6	102.73327E-12	-626.44333E-3	318.52777E-6	-2.3677150E-12	3.8516447E-15
627.49994E-12	2.7406393E-12	600.00002E-3	4.5302645E-3	102.90738E-12	-576.68233E-3	304.17298E-6	-2.3789521E-12	-2.3320666E-15
624.99994E-12	2.7382285E-12	600.00002E-3	-8.4605748E-3	102.98257E-12	-656.74603E-3	302.26127E-6	-2.3547895E-12	12.237279E-15
622.49994E-12	2.7334645E-12	600.00002E-3	297.99005E-6	103.04202E-12	-616.11313E-3	270.35168E-6	-2.3626786E-12	8.8709523E-15
619.99994E-12	2.7361607E-12	600.00002E-3	1.7354855E-3	102.86613E-12	-602.92983E-3	301.40189E-6	-2.3745359E-12	30.545773E-15
617.49994E-12	2.7340144E-12	600.00002E-3	-1.7478847E-3	102.92782E-12	-618.56037E-3	311.41340E-6	-2.3670013E-12	10.980507E-15
614.99994E-12	2.7291121E-12	600.00002E-3	1.5867084E-3	103.19707E-12	-601.40544E-3	262.28861E-6	-2.3691173E-12	20.226152E-15
612.49994E-12	2.7266639E-12	600.00002E-3	-2.4539495E-3	102.76787E-12	-608.47306E-3	323.62333E-6	-2.3611089E-12	15.855781E-15
609.99994E-12	2.7251287E-12	600.00002E-3	1.5671096E-3	103.13844E-12	-602.58508E-3	264.11412E-6	-2.3388728E-12	12.232680E-15
607.49994E-12	2.7211488E-12	600.00002E-3	3.0845888E-3	102.96099E-12	-601.12381E-3	285.35278E-6	-2.3684195E-12	2.8635014E-15
604.99994E-12	2.7176772E-12	600.00002E-3	-3.5089958E-3	103.34236E-12	-628.23319E-3	275.21036E-6	-2.3625268E-12	43.346911E-15
602.49994E-12	2.7138576E-12	600.00002E-3	2.3402215E-3	103.18200E-12	-603.90216E-3	275.71307E-6	-2.3674231E-12	6.3476103E-15
599.99994E-12	2.7104118E-12	600.00002E-3	-1.8939314E-3	102.88833E-12	-628.83657E-3	297.48486E-6	-2.3670217E-12	6.5201674E-15
597.49994E-12	2.7109395E-12	600.00002E-3	-2.0642590E-3	103.03815E-12	-662.67419E-3	280.52484E-6	-2.3459847E-12	-28.224908E-18
594.99994E-12	2.7081031E-12	600.00002E-3	360.02658E-6	103.14682E-12	-630.60433E-3	283.46290E-6	-2.3447134E-12	6.6904947E-15
592.49994E-12	2.7068137E-12	600.00002E-3	52.655549E-6	102.99295E-12	-632.35492E-3	295.29026E-6	-2.3579498E-12	21.660969E-15
589.99994E-12	2.7081926E-12	600.00002E-3	-2.4183618E-3	102.94288E-12	-666.10467E-3	292.34134E-6	-2.3703099E-12	11.169000E-15
587.49994E-12	2.7021857E-12	600.00002E-3	3.1298737E-3	103.09624E-12	-606.25404E-3	286.24467E-6	-2.3698699E-12	40.891308E-15
584.99994E-12	2.6982171E-12	600.00002E-3	-151.98378E-6	103.07166E-12	-647.93551E-3	276.42449E-6	-2.3610012E-12	29.888774E-15
582.49994E-12	2.6969308E-12	600.00002E-3	-50.111310E-6	103.10561E-12	-637.85750E-3	281.02862E-6	-2.3601429E-12	9.1001705E-15
579.99994E-12	2.6900270E-12	600.00002E-3	-6.2887706E-3	102.89156E-12	-681.41466E-3	304.80878E-6	-2.3538112E-12	10.029558E-15
577.49994E-12	2.6910637E-12	600.00002E-3	-104.76224E-6	102.96147E-12	-649.30826E-3	287.65821E-6	-2.3486124E-12	4.2639397E-15
574.99994E-12	2.6921202E-12	600.00002E-3	-1.8819756E-3	102.94530E-12	-642.50678E-3	300.75377E-6	-2.3403022E-12	17.520997E-15
572.49994E-12	2.6853051E-12	600.00002E-3	4.7173831E-3	102.97039E-12	-613.86728E-3	308.38250E-6	-2.3874878E-12	7.4929127E-15
569.99994E-12	2.6812044E-12	600.00002E-3	-5.5970522E-3	102.86973E-12	-673.58583E-3	308.09146E-6	-2.3572966E-12	14.397141E-15
567.49994E-12	2.6855029E-12	600.00002E-3	-2.2138103E-3	102.88097E-12	-667.93066E-3	297.73233E-6	-2.3648941E-12	14.225978E-15
564.99994E-12	2.6815559E-12	600.00002E-3	-393.84395E-6	102.89469E-12	-662.83327E-3	314.91974E-6	-2.3455788E-12	22.800448E-15
562.49994E-12	2.6826744E-12	600.00002E-3	-2.9720785E-3	102.82655E-12	-653.38886E-3	306.28464E-6	-2.3519381E-12	6.3525857E-15
559.99994E-12	2.6698561E-12	600.00002E-3	-568.95684E-6	103.00127E-12	-687.01655E-3	281.24391E-6	-2.3652772E-12	12.092402E-15
557.49994E-12	2.6749894E-12	600.00002E-3	2.8960600E-3	102.98098E-12	-668.37186E-3	306.84372E-6	-2.3480172E-12	9.9746312E-15
554.99993E-12	2.6723263E-12	600.00002E-3	715.41592E-6	103.04104E-12	-676.45812E-3	286.85841E-6	-2.3867663E-12	10.384235E-15
552.49993E-12	2.6719406E-12	600.00002E-3	-1.6146352E-3	103.03878E-12	-707.49176E-3	295.57751E-6	-2.3734363E-12	14.419228E-15
549.99993E-12	2.6684974E-12	600.00002E-3	-1.6124168E-3	102.89361E-12	-673.24638E-3	306.60981E-6	-2.3777159E-12	22.962086E-15
547.49993E-12	2.6641309E-12	600.00002E-3	-2.7390986E-3	103.08478E-12	-679.93611E-3	271.06219E-6	-2.3700178E-12	6.6002315E-15
544.99993E-12	2.6619349E-12	600.00002E-3	-2.4533761E-3	103.15223E-12	-710.18356E-3	281.90098E-6	-2.3589180E-12	19.060461E-15
542.49993E-12	2.6642831E-12	600.00002E-3	-834.63138E-6	103.09188E-12	-693.89445E-3	296.74821E-6	-2.3625824E-12	12.662445E-15
539.99993E-12	2.6641200E-12	600.00002E-3	-1.0572505E-3	103.17935E-12	-692.62886E-3	286.03137E-6	-2.3768246E-12	-4.6901053E-15
537.49993E-12	2.6537926E-12	600.00002E-3	7.1401009E-3	103.07651E-12	-674.32165E-3	278.41679E-6	-2.3684468E-12	17.684466E-15
534.99993E-12	2.6546387E-12	600.00002E-3	-3.9618993E-3	103.12219E-12	-709.25122E-3	273.71178E-6	-2.3614585E-12	14.256703E-15
532.49999E-12	2.6531269E-12	600.00002E-3	-1.8331942E-3	103.32882E-12	-690.32234E-3	258.72429E-6	-2.3575922E-12	33.255466E-15
529.99999E-12	2.6491984E-12	600.00002E-3	-3.3939260E-3	102.93866E-12	-735.70526E-3	305.15649E-6	-2.3499510E-12	23.160956E-15
527.49999E-12	2.6449546E-12	600.00002E-3	-3.3255292E-3	103.01253E-12	-740.17644E-3	284.14433E-6	-2.3639959E-12	37.815559E-15
524.99999E-12	2.6464406E-12	600.00002E-3	2.8891638E-3	103.17752E-12	-709.91415E-3	271.92984E-6	-2.3655518E-12	14.417178E-15
522.49999E-12	2.6400420E-12	600.00002E-3	-1.2536524E-3	102.79996E-12	-693.94535E-3	324.69479E-6	-2.3700107E-12	9.2135119E-15
519.99999E-12	2.6381941E-12	600.00002E-3	-1.4754829E-3	103.04697E-12	-734.78585E-3	285.78253E-6	-2.3450224E-12	22.666302E-15
517.49999E-12	2.6412789E-12	600.00002E-3	2.3972909E-3	103.30790E-12	-697.99536E-3	268.67769E-6	-2.3408359E-12	13.941944E-15
514.99999E-12	2.6360953E-12	600.00002E-3	1.2783525E-3	103.10162E-12	-701.12199E-3	282.53024E-6	-2.3348860E-12	37.457921E-15
512.49999E-12	2.6322473E-12	600.00002E-3	287.87751E-6	103.01919E-12	-711.19052E-3	279.27372E-6	-2.3327952E-12	10.360109E-15
509.99999E-12	2.6366593E-12	600.00002E-3	-228.16175E-6	103.04663E-12	-728.41704E-3	281.13805E-6	-2.3705595E-12	17.141451E-15
507.49999E-12	2.6347468E-12	600.00002E-3	-1.8643151E-3	103.01089E-12	-727.82815E-3	284.47353E-6	-2.3794187E-12	29.198550E-15
504.99999E-12	2.6347839E-12	600.00002E-3	-4.2110733E-3	103.18980E-12	-763.84616E-3	293.14045E-6	-2.3587816E-12	36.021567E-15
502.49999E-12	2.6266680E-12	600.00002E-3	359.77724E-6	103.22031E-12	-732.77086E-3	272.34398E-6	-2.3536774E-12	20.287923E-15
499.99999E-12	2.6292883E-12	600.00002E-3	927.27196E-6	103.10774E-12	-744.14945E-3	280.77772E-6	-2.3645361E-12	28.680512E-15
497.49999E-12	2.6245891E-12	600.00002E-3	2.9167943E-3	103.11493E-12	-742.66386E-3	276.95220E-6	-2.3637496E-12	10.052281E-15
494.99999E-12	2.6260192E-12	600.00002E-3	19.777284E-6	103.15995E-12	-728.81734E-3	275.79482E-6	-2.3510859E-12	-12.885642E-15
492.49999E-12	2.6235954E-12	600.00002E-3	-2.7880978E-3	103.00099E-12	-744.33684E-3	289.35200E-6	-2.3539694E-12	11.835223E-15
489.99999E-12	2.6174625E-12	600.00002E-3	458.90821E-6	103.11465E-12	-745.15098E-3	278.25931E-6	-2.3658922E-12	29.974982E-15
487.49998E-12	2.6135756E-12	600.00002E-3	-757.82818E-6	102.95510E-12	-754.87155E-3	291.51735E-6	-2.3625034E-12	24.954517E-15
484.99998E-12	2.6182518E-12	600.00002E-3	3.0615139E-3	102.82482E-12	-736.42546E-3	308.17685E-6	-2.3590099E-12	-1.6989118E-15
482.49998E-12	2.6126221E-12	600.00002E-3	7.9965210E-3	103.08725E-12	-705.51312E-3	276.83249E-6	-2.3392965E-12	22.301685E-15
479.99998E-12	2.6097755E-12	600.00002E-3	-672.60873E-6	103.01288E-12	-730.78072E-3	273.75016E-6	-2.3638984E-12	10.646105E-15
477.49998E-12	2.6135691E-12	600.00002E-3	-700.46959E-6	102.92599E-12	-768.64052E-3	304.14559E-6	-2.3586335E-12	17.408202E-15
474.99998E-12	2.6104841E-12	600.00002E-3	-3.5381243E-3	102.93045E-12	-749.61013E-3	297.00977E-6	-2.3644565E-12	15.733298E-15
472.49998E-12	2.6040966E-12	600.00002E-3	1.6974058E-3	103.02345E-12	-736.55927E-3	287.57090E-6	-2.3654678E-12	13.057750E-15
469.99998E-12	2.6041331E-12	600.00002E-3	-807.86779E-6	103.13628E-12	-779.96141E-3	272.52868E-6	-2.3545183E-12	42.590768E-15
467.49998E-12	2.6031430E-12	600.00002E-3	1.0210890E-3	102.97831E-12	-746.16140E-3	287.90985E-6	-2.3548923E-12	23.633327E-15
464.99998E-12	2.5989144E-12	600.00002E-3	1.0128650E-3	103.07871E-12	-769.59330E-3	272.32815E-6	-2.3379879E-12	12.425966E-15
462.49998E-12	2.6034981E-12	600.00002E-3	2.7240824E-3	102.91798E-12	-767.39514E-3	296.35357E-6	-2.3748687E-12	2.1975997E-15
459.99998E-12	2.6011214E-12	600.00002E-3	3.9222962E-3	102.74646E-12	-743.89344E-3	306.39541E-6	-2.3666958E-12	8.0509042E-15
457.49998E-12	2.6021815E-12	600.00002E-3	-4.7285915E-3	103.02046E-12	-775.57254E-3	289.33529E-6	-2.3646638E-12	19.030006E-15
454.99998E-12	2.5999487E-12	600.00002E-3	5.0445255E-3	103.18073E-12	-754.17465E-3	277.88564E-6	-2.3453023E-12	33.245660E-15
452.49998E-12	2.5973496E-12	600.00002E-3	598.41451E-6	102.92664E-12	-757.10106E-3	294.80213E-6	-2.3541412E-12	-581.42650E-18
449.99998E-12	2.5971436E-12	600.00002E-3	-2.2998974E-3	102.87934E-12	-786.00967E-3	295.58642E-6	-2.3547572E-12	5.0330554E-15
447.49998E-12	2.5929012E-12	600.00002E-3	-3.0946713E-3	102.97197E-12	-783.36322E-3	302.01048E-6	-2.3854026E-12	-260.00632E-18
444.99998E-12	2.5881174E-12	600.00002E-3	-4.2785038E-3	102.94578E-12	-801.03934E-3	292.85243E-6	-2.3521465E-12	9.4467196E-15
442.49998E-12	2.5911016E-12	600.00002E-3	5.0517679E-3	102.98404E-12	-768.33797E-3	291.65312E-6	-2.3542353E-12	9.1137797E-15
439.99998E-12	2.5881365E-12	600.00002E-3	7.8817010E-3	102.64044E-12	-728.31893E-3	322.87237E-6	-2.3647735E-12	15.625557E-15
437.49998E-12	2.5883226E-12	600.00002E-3	-5.6043887E-3	102.84371E-12	-783.72991E-3	308.55989E-6	-2.3367068E-12	10.146487E-15
434.99998E-12	2.5849433E-12	600.00002E-3	1.6420145E-3	103.07614E-12	-735.88133E-3	295.94364E-6	-2.3685821E-12	6.1112157E-15
432.49998E-12	2.5861774E-12	600.00002E-3	1.0392464E-3	102.88363E-12	-776.50088E-3	300.21707E-6	-2.3684592E-12	7.1209187E-15
429.99998E-12	2.5890709E-12	600.00002E-3	3.0898156E-3	102.94863E-12	-735.36670E-3	288.60845E-6	-2.3652753E-12	22.054734E-15
427.49998E-12	2.5906072E-12	600.00002E-3	-49.798648E-6	103.00599E-12	-780.29186E-3	289.56262E-6	-2.3434466E-12	24.480729E-15
424.99998E-12	2.5828658E-12	600.00002E-3	254.23025E-6	102.79844E-12	-773.55826E-3	309.74697E-6	-2.3467419E-12	21.563802E-15
422.49998E-12	2.5844186E-12	600.00002E-3	-6.4831609E-3	103.15591E-12	-814.15164E-3	282.89421E-6	-2.3512824E-12	8.5749982E-15
419.99998E-12	2.5877943E-12	600.00002E-3	5.4654554E-3	102.97219E-12	-736.48638E-3	291.24651E-6	-2.3550049E-12	26.673249E-15
417.49998E-12	2.5767643E-12	600.00002E-3	2.1844842E-3	103.05935E-12	-765.71769E-3	282.46149E-6	-2.3467834E-12	16.182276E-15
414.99998E-12	2.5815736E-12	600.00002E-3	-1.9471112E-3	102.83983E-12	-744.78263E-3	301.30445E-6	-2.3600106E-12	23.967266E-15
412.49998E-12	2.5768287E-12	600.00002E-3	2.8895785E-3	102.93443E-12	-750.33730E-3	297.78248E-6	-2.3701399E-12	18.332712E-15
409.99998E-12	2.5762404E-12	600.00002E-3	-1.4377233E-3	102.96433E-12	-756.57314E-3	302.85583E-6	-2.3577260E-12	17.208514E-15
407.49998E-12	2.5767559E-12	600.00002E-3	-301.34514E-6	102.88097E-12	-771.58076E-3	305.57771E-6	-2.3568120E-12	24.509449E-15
404.99998E-12	2.5739222E-12	600.00002E-3	3.1616425E-3	102.71172E-12	-745.31764E-3	332.29997E-6	-2.3568168E-12	13.328577E-15
402.49998E-12	2.5732934E-12	600.00002E-3	-1.0014888E-3	103.04249E-12	-740.99290E-3	285.98652E-6	-2.3568190E-12	4.5756614E-15
399.99998E-12	2.5749136E-12	600.00002E-3	-426.50785E-6	103.10006E-12	-740.41981E-3	278.07572E-6	-2.3752510E-12	14.119668E-15
397.49998E-12	2.5746586E-12	600.00002E-3	-2.4481972E-3	103.20538E-12	-748.04342E-3	270.57761E-6	-2.3694104E-12	7.3139135E-15
394.99998E-12	2.5707145E-12	600.00002E-3	1.7041835E-3	102.93956E-12	-763.27080E-3	303.64140E-6	-2.3704504E-12	32.210373E-15
392.49998E-12	2.5699312E-12	600.00002E-3	4.4879299E-3	102.98957E-12	-743.41571E-3	291.07466E-6	-2.3655476E-12	13.760304E-15
389.99998E-12	2.5741429E-12	600.00002E-3	5.5302638E-3	103.24886E-12	-694.80520E-3	266.91219E-6	-2.3596784E-12	11.382099E-15
387.49998E-12	2.5674725E-12	600.00002E-3	-102.46803E-6	103.10308E-12	-733.90782E-3	280.06756E-6	-2.3631448E-12	6.6521330E-15
384.99998E-12	2.5685270E-12	600.00002E-3	655.37030E-6	102.93096E-12	-744.80331E-3	297.09499E-6	-2.3595082E-12	20.514435E-15
382.49998E-12	2.5694475E-12	600.00002E-3	-1.9127800E-3	102.81018E-12	-775.92057E-3	296.40042E-6	-2.3806256E-12	12.575340E-15
379.99998E-12	2.5714853E-12	600.00002E-3	3.8887635E-3	103.04942E-12	-747.71231E-3	289.51906E-6	-2.3614626E-12	8.4155849E-15
377.49998E-12	2.5684650E-12	600.00002E-3	3.0366713E-3	102.93729E-12	-729.72476E-3	304.55284E-6	-2.3586823E-12	18.352060E-15
374.99998E-12	2.5714931E-12	600.00002E-3	1.0668454E-3	103.11373E-12	-756.86836E-3	275.28760E-6	-2.3523147E-12	5.8852205E-15
372.49998E-12	2.5727020E-12	600.00002E-3	-3.3447337E-3	103.15591E-12	-784.49070E-3	283.50585E-6	-2.3700792E-12	18.949316E-15
369.99998E-12	2.5726556E-12	600.00002E-3	5.4231957E-3	103.40743E-12	-753.07721E-3	248.86351E-6	-2.3676083E-12	9.8604723E-15
367.49997E-12	2.5716705E-12	600.00002E-3	-2.1221852E-3	102.76024E-12	-770.45608E-3	309.51720E-6	-2.3563968E-12	36.504758E-15
364.99997E-12	2.5708203E-12	600.00002E-3	-625.22973E-6	103.13025E-12	-784.43348E-3	297.79330E-6	-2.3669929E-12	22.088222E-15
362.49997E-12	2.5636617E-12	600.00002E-3	-1.9309771E-3	102.83872E-12	-771.59619E-3	303.00167E-6	-2.3648243E-12	31.318986E-15
359.99997E-12	2.5690125E-12	600.00002E-3	-378.77235E-6	103.13596E-12	-745.53317E-3	284.31366E-6	-2.3473716E-12	25.264670E-15
357.49997E-12	2.5676314E-12	600.00002E-3	-1.2301243E-3	102.82476E-12	-762.86870E-3	299.19154E-6	-2.3716508E-12	20.482341E-15
354.99997E-12	2.5707424E-12	600.00002E-3	-2.6608161E-3	103.02772E-12	-786.84407E-3	295.30510E-6	-2.3706527E-12	21.661960E-15
352.49997E-12	2.5767481E-12	600.00002E-3	7.7239256E-3	103.05834E-12	-753.95113E-3	299.35045E-6	-2.3595041E-12	22.275572E-15
349.99997E-12	2.5787397E-12	600.00002E-3	-4.6571274E-3	102.91457E-12	-782.66394E-3	300.93049E-6	-2.3602880E-12	2.7584210E-15
347.49997E-12	2.5783336E-12	600.00002E-3	1.7257021E-3	102.84423E-12	-768.18395E-3	301.69406E-6	-2.3438447E-12	16.019140E-15
344.99997E-12	2.5778522E-12	600.00002E-3	2.3554647E-3	102.62991E-12	-762.47525E-3	326.35601E-6	-2.3736341E-12	18.363151E-15
342.49997E-12	2.5803287E-12	600.00002E-3	-7.7528129E-3	103.04137E-12	-801.73284E-3	292.94760E-6	-2.3636355E-12	338.40094E-18
339.99997E-12	2.5793625E-12	600.00002E-3	3.3569266E-3	102.89279E-12	-768.42040E-3	299.00784E-6	-2.3554804E-12	4.0685178E-15
337.49997E-12	2.5842171E-12	600.00002E-3	1.0071156E-3	103.20812E-12	-753.84974E-3	266.16920E-6	-2.3609706E-12	19.984834E-15
334.99997E-12	2.5801115E-12	600.00002E-3	267.42151E-6	102.75129E-12	-785.14558E-3	315.56218E-6	-2.3531860E-12	4.4273277E-15
332.49997E-12	2.5814084E-12	600.00002E-3	5.4153027E-3	103.30649E-12	-728.40369E-3	271.41912E-6	-2.3896978E-12	36.887834E-15
329.99997E-12	2.5855756E-12	600.00002E-3	-5.7633943E-3	103.04906E-12	-780.57212E-3	294.02014E-6	-2.3570184E-12	25.519847E-15
327.49997E-12	2.5852018E-12	600.00002E-3	3.9629187E-3	103.12051E-12	-769.27602E-3	285.23419E-6	-2.3749704E-12	17.328158E-15
324.99997E-12	2.5940981E-12	600.00002E-3	4.8169503E-3	103.02566E-12	-748.92205E-3	285.34175E-6	-2.3643557E-12	8.0967524E-15
322.49997E-12	2.5959660E-12	600.00002E-3	-1.7583894E-3	103.15765E-12	-801.42283E-3	279.50358E-6	-2.3712590E-12	23.523237E-15
319.99997E-12	2.5987795E-12	600.00002E-3	-4.2138877E-3	102.76206E-12	-804.18992E-3	308.20267E-6	-2.3604244E-12	20.477230E-15
317.49997E-12	2.6032119E-12	600.00002E-3	296.20671E-6	102.89013E-12	-758.00043E-3	307.56908E-6	-2.3402101E-12	8.8373853E-15
314.99997E-12	2.6031054E-12	600.00002E-3	715.66965E-6	103.29574E-12	-767.94088E-3	269.57408E-6	-2.3609118E-12	23.665780E-15
312.49997E-12	2.6062512E-12	600.00002E-3	-2.4723618E-3	102.92894E-12	-800.01920E-3	302.76834E-6	-2.3728469E-12	20.468507E-15
309.99997E-12	2.6126289E-12	600.00002E-3	1.7970626E-3	103.05023E-12	-772.52960E-3	279.88249E-6	-2.3691697E-12	8.9010237E-15
307.49997E-12	2.6187646E-12	600.00002E-3	3.7137987E-3	103.11567E-12	-800.44299E-3	264.05868E-6	-2.3815305E-12	30.693096E-15
304.99997E-12	2.6227213E-12	600.00002E-3	2.4639128E-3	103.13665E-12	-777.35049E-3	277.84778E-6	-2.3646942E-12	10.006956E-15
302.49997E-12	2.6240414E-12	600.00002E-3	-3.4914480E-3	103.13227E-12	-805.97281E-3	276.88392E-6	-2.3757500E-12	21.680056E-15
299.99997E-12	2.6294344E-12	600.00002E-3	1.6853153E-3	103.15220E-12	-794.51203E-3	264.98557E-6	-2.3543929E-12	11.947554E-15
297.49997E-12	2.6390895E-12	600.00002E-3	1.4217133E-3	102.81468E-12	-773.03463E-3	289.69170E-6	-2.3763738E-12	2.1512377E-15
294.99997E-12	2.6417354E-12	600.00002E-3	1.9423085E-3	103.14226E-12	-786.35740E-3	267.03850E-6	-2.3458189E-12	16.826626E-15
292.49997E-12	2.6418362E-12	600.00002E-3	-1.9241177E-3	102.94161E-12	-811.90979E-3	299.27958E-6	-2.3486501E-12	9.5925990E-15
289.99997E-12	2.6541538E-12	600.00002E-3	-7.4944794E-3	102.94744E-12	-859.45231E-3	297.77765E-6	-2.3826928E-12	43.923527E-15
287.49997E-12	2.6593166E-12	600.00002E-3	3.8321211E-3	103.03854E-12	-785.72959E-3	289.72825E-6	-2.3507908E-12	19.949535E-15
284.99997E-12	2.6688148E-12	600.00002E-3	-2.7112605E-3	103.05853E-12	-820.84566E-3	271.22878E-6	-2.3854790E-12	9.9034982E-15
282.49997E-12	2.6739604E-12	600.00002E-3	123.14472E-6	102.71901E-12	-816.50114E-3	309.05774E-6	-2.3459264E-12	23.707885E-15
279.99997E-12	2.6818417E-12	600.00002E-3	3.5190992E-3	103.03987E-12	-803.35182E-3	289.25200E-6	-2.3762216E-12	-4.9514056E-15
277.49997E-12	2.6942365E-12	600.00002E-3	1.5510642E-3	103.25995E-12	-782.34351E-3	272.12946E-6	-2.3657393E-12	7.8472266E-15
274.99997E-12	2.7053841E-12	600.00002E-3	-724.75325E-6	103.27006E-12	-825.00380E-3	248.15337E-6	-2.3536442E-12	22.297571E-15
272.49997E-12	2.7186944E-12	600.00002E-3	-2.9861142E-3	102.88333E-12	-818.46839E-3	299.84995E-6	-2.3722693E-12	7.0017823E-15
269.99997E-12	2.7311133E-12	600.00002E-3	659.91684E-6	103.29018E-12	-810.34917E-3	247.47764E-6	-2.3665605E-12	32.057229E-15
267.49997E-12	2.7396653E-12	600.00002E-3	-5.2134306E-3	103.14432E-12	-863.54464E-3	284.37615E-6	-2.3509742E-12	-5.3293894E-15
264.99997E-12	2.7512680E-12	600.00002E-3	5.6048525E-3	102.82455E-12	-802.98680E-3	294.21589E-6	-2.3524934E-12	23.833274E-15
262.49997E-12	2.7664227E-12	600.00002E-3	-1.4338478E-3	103.07798E-12	-840.09713E-3	279.11738E-6	-2.3662578E-12	14.514394E-15
259.99997E-12	2.7811187E-12	600.00002E-3	356.97100E-6	103.11375E-12	-831.98065E-3	286.20719E-6	-2.3519470E-12	5.1070357E-15
257.49997E-12	2.7971020E-12	600.00002E-3	-639.41180E-6	102.80871E-12	-844.94317E-3	308.28721E-6	-2.3656381E-12	6.6374014E-15
254.99997E-12	2.8101323E-12	600.00002E-3	-1.5237592E-3	103.00291E-12	-859.07692E-3	292.52050E-6	-2.3704639E-12	30.376224E-15
252.49997E-12	2.8282604E-12	600.00002E-3	-5.0969957E-3	103.08915E-12	-866.30452E-3	299.45231E-6	-2.3569252E-12	23.314792E-15
249.99997E-12	2.8457644E-12	600.00002E-3	-137.51710E-6	103.25062E-12	-851.41975E-3	269.24489E-6	-2.3601550E-12	19.923663E-15
247.49996E-12	2.8577722E-12	600.00002E-3	2.2994590E-3	102.98390E-12	-821.05577E-3	310.68129E-6	-2.3602706E-12	289.88599E-18
244.99996E-12	2.8774650E-12	600.00002E-3	1.4224969E-3	103.04086E-12	-837.73386E-3	286.91851E-6	-2.3729315E-12	29.348990E-15
242.49996E-12	2.9039141E-12	600.00002E-3	6.5908520E-3	103.08537E-12	-836.44462E-3	262.79755E-6	-2.3615266E-12	10.851850E-15
239.99996E-12	2.9220643E-12	600.00002E-3	-3.8710239E-3	102.56893E-12	-849.82902E-3	334.35840E-6	-2.3466333E-12	24.301213E-15
237.49996E-12	2.9462060E-12	600.00002E-3	-2.0949533E-3	102.93281E-12	-842.06408E-3	286.06289E-6	-2.3693404E-12	-1.5625899E-15
234.99996E-12	2.9681351E-12	600.00002E-3	1.6633851E-3	102.68776E-12	-848.22834E-3	307.03668E-6	-2.3602407E-12	25.606165E-15
232.49996E-12	2.9986799E-12	600.00002E-3	5.2389083E-3	102.91355E-12	-823.48013E-3	301.22322E-6	-2.3584563E-12	6.4861929E-15
229.99996E-12	3.0295460E-12	600.00002E-3	-4.9996777E-3	103.07387E-12	-870.97210E-3	295.25260E-6	-2.3649292E-12	24.751622E-15
227.49996E-12	3.0554218E-12	600.00002E-3	-2.1759539E-3	102.91749E-12	-850.52550E-3	298.16417E-6	-2.3794547E-12	14.617627E-15
224.99996E-12	3.0935059E-12	600.00002E-3	1.5487245E-3	103.24697E-12	-847.45324E-3	285.59059E-6	-2.3456465E-12	20.082311E-15
222.49996E-12	3.1247633E-12	600.00002E-3	-2.2644324E-3	103.20282E-12	-890.37549E-3	262.22243E-6	-2.3562578E-12	11.367311E-15
219.99996E-12	3.1589664E-12	600.00002E-3	4.7354898E-3	103.03851E-12	-865.47220E-3	275.29866E-6	-2.3604174E-12	21.466044E-15
217.49996E-12	3.1961293E-12	600.00002E-3	1.4574331E-3	102.87551E-12	-878.86876E-3	299.62452E-6	-2.3620643E-12	12.868185E-15
214.99996E-12	3.2419161E-12	600.00002E-3	-2.3925111E-3	103.13873E-12	-866.34719E-3	277.34070E-6	-2.3573556E-12	19.489906E-15
212.49996E-12	3.2792805E-12	600.00002E-3	2.7604380E-3	103.12450E-12	-870.78077E-3	281.95567E-6	-2.3681315E-12	10.535642E-15
209.99996E-12	3.3234498E-12	600.00002E-3	3.7674655E-3	102.96476E-12	-857.17517E-3	300.77924E-6	-2.3561871E-12	18.468251E-15
207.49996E-12	3.3739238E-12	600.00002E-3	-9.7444346E-3	102.92681E-12	-937.07997E-3	305.20948E-6	-2.3449018E-12	24.307670E-15
204.99996E-12	3.4184812E-12	600.00002E-3	2.8244602E-3	103.08508E-12	-906.74067E-3	281.15671E-6	-2.3678058E-12	25.748487E-15
202.49996E-12	3.4729871E-12	600.00002E-3	5.6886096E-3	102.92373E-12	-878.13026E-3	294.63627E-6	-2.3587970E-12	30.779663E-15
199.99996E-12	3.5364780E-12	600.00002E-3	35.569687E-6	103.13061E-12	-890.98305E-3	279.41776E-6	-2.3626760E-12	10.282516E-15
197.49996E-12	3.5840859E-12	600.00002E-3	-1.8620695E-3	102.93478E-12	-899.51301E-3	292.48619E-6	-2.3617597E-12	5.9635956E-15
194.99996E-12	3.6527587E-12	600.00002E-3	-3.7424231E-3	103.15319E-12	-921.40353E-3	281.60075E-6	-2.3765295E-12	15.486239E-15
192.49996E-12	3.7208956E-12	600.00002E-3	1.8644842E-3	103.06129E-12	-862.75989E-3	306.50635E-6	-2.3721637E-12	26.050381E-15
189.99996E-12	3.7922473E-12	600.00002E-3	-684.27087E-6	103.28153E-12	-924.94148E-3	272.68412E-6	-2.3526558E-12	8.9918502E-15
187.49996E-12	3.8539328E-12	600.00002E-3	-2.8029208E-3	102.61676E-12	-898.06175E-3	319.08121E-6	-2.3681718E-12	29.493132E-15
184.99996E-12	3.9382894E-12	600.00002E-3	-819.78255E-6	103.07771E-12	-910.01225E-3	285.99857E-6	-2.3874227E-12	12.941964E-15
182.49996E-12	4.0181860E-12	600.00002E-3	-123.82402E-6	103.18704E-12	-911.90636E-3	278.65899E-6	-2.3660548E-12	20.775065E-15
179.99996E-12	4.1030699E-12	600.00002E-3	-4.8724907E-3	103.01721E-12	-937.14243E-3	289.29795E-6	-2.3505000E-12	15.850362E-15
177.49996E-12	4.1868379E-12	600.00002E-3	-546.61639E-6	102.73671E-12	-903.14180E-3	322.99614E-6	-2.3637446E-12	10.603845E-15
174.99996E-12	4.2894191E-12	600.00002E-3	1.7935858E-3	102.88017E-12	-936.25259E-3	302.76767E-6	-2.3689861E-12	15.067674E-15
172.49996E-12	4.3926473E-12	600.00002E-3	-173.56181E-6	102.89593E-12	-914.89446E-3	300.58020E-6	-2.3770315E-12	21.620533E-15
169.99996E-12	4.4967311E-12	600.00002E-3	-5.0595966E-3	102.78711E-12	-970.24488E-3	323.13337E-6	-2.3631058E-12	3.9928731E-15
167.49996E-12	4.6157735E-12	600.00002E-3	-2.3085230E-3	102.82929E-12	-943.98957E-3	302.15760E-6	-2.3636455E-12	30.024794E-15
164.99996E-12	4.7387224E-12	600.00002E-3	7.5133471E-3	103.23012E-12	-902.75222E-3	261.44853E-6	-2.3507110E-12	17.531414E-15
162.49996E-12	4.8563115E-12	600.00002E-3	-1.0228072E-3	102.95490E-12	-909.52820E-3	302.77015E-6	-2.3510421E-12	15.699300E-15
159.99996E-12	4.9946327E-12	600.00002E-3	792.40586E-6	103.00336E-12	-933.90501E-3	284.37522E-6	-2.3748646E-12	18.797431E-15
157.49996E-12	5.1440449E-12	600.00002E-3	-3.3258141E-3	102.86814E-12	-966.92258E-3	303.18231E-6	-2.3561905E-12	19.248795E-15
154.99996E-12	5.2949069E-12	600.00002E-3	145.30661E-6	102.88565E-12	-957.59225E-3	305.43690E-6	-2.3424953E-12	18.672818E-15
152.49996E-12	5.4590941E-12	600.00002E-3	777.28514E-6	103.17951E-12	-958.00388E-3	265.36803E-6	-2.3418173E-12	11.832538E-15
149.99996E-12	5.6307415E-12	600.00002E-3	-3.6228951E-3	103.20486E-12	-995.67729E-3	275.92730E-6	-2.3620478E-12	32.815927E-15
147.49996E-12	5.7937075E-12	600.00002E-3	1.1681945E-3	102.89455E-12	-956.65658E-3	316.45678E-6	-2.3609311E-12	17.847076E-15
144.99996E-12	5.9800095E-12	600.00002E-3	-1.0312105E-3	102.87350E-12	-970.24834E-3	303.08741E-6	-2.3487577E-12	12.082269E-15
142.49996E-12	6.2069798E-12	600.00002E-3	849.78360E-6	103.30248E-12	-983.66052E-3	253.14876E-6	-2.3679381E-12	9.1017756E-15
139.99996E-12	6.3985609E-12	600.00002E-3	683.08430E-6	102.95733E-12	-969.59358E-3	301.51685E-6	-2.3597383E-12	45.036810E-15
137.49996E-12	6.6142031E-12	600.00002E-3	-2.6886596E-3	102.89824E-12	-983.34408E-3	295.88415E-6	-2.3672459E-12	9.4714419E-15
134.99996E-12	6.8645684E-12	600.00002E-3	5.3321994E-3	103.26003E-12	-967.85682E-3	268.01197E-6	-2.3411945E-12	18.296667E-15
132.49996E-12	7.0845847E-12	600.00002E-3	-2.1344330E-3	102.79436E-12	-1.0010240E+0	311.59585E-6	-2.3489262E-12	18.814089E-15
129.99996E-12	7.3633174E-12	600.00002E-3	3.9994256E-3	103.07405E-12	-1.0022599E+0	275.07823E-6	-2.3683115E-12	29.049114E-15
127.49996E-12	7.6166590E-12	600.00002E-3	-9.0838466E-3	102.83903E-12	-1.0249490E+0	314.71738E-6	-2.3753861E-12	2.0596229E-15
124.99995E-12	7.9164791E-12	600.00002E-3	2.9568372E-3	102.84890E-12	-1.0008579E+0	307.89789E-6	-2.3562281E-12	28.168684E-15
122.49995E-12	8.2435872E-12	600.00002E-3	-1.4547915E-3	103.12080E-12	-999.00764E-3	280.45222E-6	-2.3502153E-12	17.473380E-15
119.99995E-12	8.5374928E-12	600.00002E-3	-5.5128201E-3	102.72531E-12	-1.0507745E+0	319.62182E-6	-2.3524724E-12	31.406931E-15
117.49995E-12	8.9007308E-12	600.00002E-3	-2.1632069E-3	103.11380E-12	-1.0276697E+0	279.80347E-6	-2.3633461E-12	15.429396E-15
114.99995E-12	9.2753045E-12	600.00002E-3	-681.79623E-6	103.24493E-12	-1.0356566E+0	282.51251E-6	-2.3611640E-12	25.961016E-15
112.49995E-12	9.6760273E-12	600.00002E-3	-383.15859E-6	103.37166E-12	-1.0326205E+0	260.67454E-6	-2.3879104E-12	38.442306E-15
109.99995E-12	10.064180E-12	600.00002E-3	-2.8248441E-3	103.04085E-12	-1.0173910E+0	278.51010E-6	-2.3566719E-12	28.553162E-15
107.49995E-12	10.467368E-12	600.00002E-3	-2.1646481E-3	102.93955E-12	-1.0429127E+0	289.59441E-6	-2.3742839E-12	29.251006E-15
104.99995E-12	10.930114E-12	600.00002E-3	-2.9609781E-3	102.98648E-12	-1.0523351E+0	306.76174E-6	-2.3760982E-12	20.670784E-15
102.49995E-12	11.387120E-12	600.00002E-3	2.4362609E-3	102.96546E-12	-1.0477434E+0	302.23859E-6	-2.3678971E-12	20.454844E-15
99.999953E-12	11.929651E-12	600.00002E-3	-2.2878665E-3	103.29360E-12	-1.0630125E+0	269.68427E-6	-2.3407728E-12	29.446989E-15
97.499953E-12	12.471436E-12	600.00002E-3	455.83450E-6	103.30829E-12	-1.0688826E+0	267.80349E-6	-2.3797045E-12	29.643619E-15
94.999952E-12	13.021866E-12	600.00002E-3	2.5869068E-3	102.98468E-12	-1.0662984E+0	284.02923E-6	-2.3589488E-12	47.359205E-15
92.499952E-12	13.567189E-12	600.00002E-3	1.4050612E-3	102.64473E-12	-1.0667706E+0	327.15194E-6	-2.3645554E-12	48.143872E-15
89.999952E-12	14.224985E-12	600.00002E-3	1.0662943E-3	103.14117E-12	-1.0753552E+0	283.38566E-6	-2.3566849E-12	17.473532E-15
87.499952E-12	14.882219E-12	600.00002E-3	-3.4657286E-3	102.75582E-12	-1.1132805E+0	311.77493E-6	-2.3651944E-12	26.961167E-15
84.999952E-12	15.585101E-12	600.00002E-3	-2.2521683E-3	102.96963E-12	-1.0887930E+0	291.32064E-6	-2.3634881E-12	40.010472E-15
82.499951E-12	16.317616E-12	600.00002E-3	3.2128040E-3	103.13795E-12	-1.0668840E+0	283.68962E-6	-2.3560294E-12	38.686641E-15
79.999951E-12	17.087829E-12	600.00002E-3	3.6899897E-3	103.06116E-12	-1.0610561E+0	298.80079E-6	-2.3431324E-12	47.958802E-15
77.499951E-12	17.927070E-12	600.00002E-3	-4.1251015E-3	103.01528E-12	-1.1194621E+0	285.06090E-6	-2.3595678E-12	59.139657E-15
74.999951E-12	18.767989E-12	600.00002E-3	-2.5077201E-3	102.90267E-12	-1.0923495E+0	308.06262E-6	-2.3439180E-12	38.467927E-15
72.499950E-12	19.716827E-12	600.00002E-3	3.1655831E-3	103.21437E-12	-1.0867764E+0	280.83456E-6	-2.3509879E-12	36.273627E-15
69.999950E-12	20.662125E-12	600.00002E-3	1.6934259E-3	102.89013E-12	-1.0997326E+0	294.16030E-6	-2.3652415E-12	47.758201E-15
67.500006E-12	21.685993E-12	600.00002E-3	-2.4687699E-3	102.84455E-12	-1.1478554E+0	309.26033E-6	-2.3752049E-12	59.257314E-15
65.000005E-12	22.738988E-12	600.00002E-3	-2.4782408E-3	103.00812E-12	-1.1321787E+0	290.68929E-6	-2.3592634E-12	58.443579E-15
62.500005E-12	23.907548E-12	600.00002E-3	1.3146388E-3	103.11585E-12	-1.1286775E+0	285.64816E-6	-2.3696099E-12	33.181106E-15
60.000005E-12	25.142126E-12	600.00002E-3	6.6643902E-3	103.05394E-12	-1.1187208E+0	287.41648E-6	-2.3557319E-12	76.763255E-15
57.500005E-12	26.352391E-12	600.00002E-3	-1.7224466E-3	102.90527E-12	-1.1336358E+0	296.88113E-6	-2.3674342E-12	71.474293E-15
55.000005E-12	27.740966E-12	600.00002E-3	7.1972613E-3	103.07750E-12	-1.1351811E+0	290.92305E-6	-2.3649865E-12	55.481407E-15
52.500004E-12	29.235669E-12	600.00002E-3	-4.0326747E-3	103.16541E-12	-1.1728890E+0	275.05925E-6	-2.3676033E-12	57.785570E-15
50.000004E-12	30.733298E-12	600.00002E-3	-955.74552E-6	103.18781E-12	-1.1803997E+0	283.37468E-6	-2.3333061E-12	73.646716E-15
47.500004E-12	32.322398E-12	600.00002E-3	2.9264234E-3	103.25039E-12	-1.1720214E+0	265.75272E-6	-2.3687638E-12	54.802002E-15
45.000004E-12	33.748657E-12	600.00002E-3	-8.2339263E-3	102.86699E-12	-1.2194970E+0	312.95230E-6	-2.3545465E-12	60.016276E-15
42.500004E-12	35.715365E-12	600.00002E-3	176.89544E-6	103.02835E-12	-1.1806548E+0	280.19902E-6	-2.3768197E-12	80.963265E-15
40.000003E-12	51.077205E-12	600.00002E-3	3.7218332E-3	102.96260E-12	-1.1842816E+0	292.63541E-6	-2.3774448E-12	191.23541E-15
37.500003E-12	39.433790E-12	600.00002E-3	-2.0026101E-3	103.05377E-12	-1.2097794E+0	277.26780E-6	-2.3451130E-12	89.417501E-15
35.000003E-12	41.532708E-12	600.00002E-3	-1.3517661E-3	103.15605E-12	-1.1814554E+0	277.86600E-6	-2.3723879E-12	80.169060E-15
32.500003E-12	49.038731E-12	600.00002E-3	804.65147E-6	102.88771E-12	-1.2085474E+0	292.33500E-6	-2.3634827E-12	139.47585E-15
30.000002E-12	47.040344E-12	600.00002E-3	-3.3283033E-3	103.15731E-12	-1.2305050E+0	293.44423E-6	-2.3602596E-12	119.01535E-15
27.500002E-12	48.338517E-12	600.00002E-3	372.49003E-6	102.83698E-12	-1.2188290E+0	315.12009E-6	-2.3733116E-12	114.96628E-15
25.000002E-12	51.171990E-12	600.00002E-3	3.0537425E-3	103.12822E-12	-1.2239870E+0	283.18574E-6	-2.3580840E-12	115.69673E-15
22.500002E-12	53.873420E-12	600.00002E-3	-7.4144704E-3	102.97156E-12	-1.2677485E+0	299.23918E-6	-2.3525890E-12	148.22986E-15
20.000002E-12	56.537535E-12	600.00002E-3	1.1071548E-3	102.86342E-12	-1.2248371E+0	294.95047E-6	-2.3743709E-12	126.27518E-15
17.500001E-12	59.738395E-12	600.00002E-3	-6.2968857E-3	103.08592E-12	-1.2707537E+0	275.46345E-6	-2.3670269E-12	144.41299E-15
15.000001E-12	63.098637E-12	600.00002E-3	394.40254E-6	103.21254E-12	-1.2620404E+0	281.58148E-6	-2.3574732E-12	167.10820E-15
12.500001E-12	66.411453E-12	600.00002E-3	1.1738731E-3	103.25764E-12	-1.2645277E+0	261.56224E-6	-2.3575534E-12	147.76464E-15
10.000001E-12	69.774860E-12	600.00002E-3	-4.3079876E-3	103.07224E-12	-1.2826165E+0	291.32803E-6	-2.3476583E-12	164.40320E-15
7.5000006E-12	76.498849E-12	600.00002E-3	-1.4375930E-3	103.25785E-12	-1.2773952E+0	283.78447E-6	-2.3445679E-12	179.76426E-15
5.0000004E-12	77.751069E-12	600.00002E-3	1.2259521E-3	103.10947E-12	-1.2945002E+0	291.38153E-6	-2.3417138E-12	185.38205E-15
2.5000002E-12	81.828752E-12	600.00002E-3	733.75902E-6	103.13798E-12	-1.2962793E+0	280.48118E-6	-2.3600523E-12	199.15890E-15
0.0000000E+0	87.266784E-12	600.00002E-3	6.7402823E-3	103.19630E-12	-1.2495075E+0	258.11276E-6	-2.3341071E-12	189.90289E-15
